channel-0
[0.1        0.1        0.50252855 0.50252855]
channel-1
[0.1        0.1        0.38110593 0.38110593]
channel-2
[0.1        0.1        0.29554594 0.29554594]
channel-3
[0.3        0.1        0.50252855 0.50252855]
channel-4
[0.3        0.1        0.38110593 0.38110593]
channel-5
[0.3        0.1        0.29554594 0.29554594]
channel-6
[0.5        0.1        0.50252855 0.50252855]
channel-7
[0.5        0.1        0.38110593 0.38110593]
channel-8
[0.5        0.1        0.29554594 0.29554594]
channel-9
[0.7        0.1        0.50252855 0.50252855]
channel-10
[0.7        0.1        0.38110593 0.38110593]
channel-11
[0.7        0.1        0.29554594 0.29554594]
channel-12
[0.9        0.1        0.50252855 0.50252855]
channel-13
[0.9        0.1        0.38110593 0.38110593]
channel-14
[0.9        0.1        0.29554594 0.29554594]
channel-15
[0.1        0.3        0.50252855 0.50252855]
channel-16
[0.1        0.3        0.38110593 0.38110593]
channel-17
[0.1        0.3        0.29554594 0.29554594]
channel-18
[0.3        0.3        0.50252855 0.50252855]
channel-19
[0.3        0.3        0.38110593 0.38110593]
channel-20
[0.3        0.3        0.29554594 0.29554594]
channel-21
[0.5        0.3        0.50252855 0.50252855]
channel-22
[0.5        0.3        0.38110593 0.38110593]
channel-23
[0.5        0.3        0.29554594 0.29554594]
channel-24
[0.7        0.3        0.50252855 0.50252855]
channel-25
[0.7        0.3        0.38110593 0.38110593]
channel-26
[0.7        0.3        0.29554594 0.29554594]
channel-27
[0.9        0.3        0.50252855 0.50252855]
channel-28
[0.9        0.3        0.38110593 0.38110593]
channel-29
[0.9        0.3        0.29554594 0.29554594]
channel-30
[0.1        0.5        0.50252855 0.50252855]
channel-31
[0.1        0.5        0.38110593 0.38110593]
channel-32
[0.1        0.5        0.29554594 0.29554594]
channel-33
[0.3        0.5        0.50252855 0.50252855]
channel-34
[0.3        0.5        0.38110593 0.38110593]
channel-35
[0.3        0.5        0.29554594 0.29554594]
channel-36
[0.5        0.5        0.50252855 0.50252855]
channel-37
[0.5        0.5        0.38110593 0.38110593]
channel-38
[0.5        0.5        0.29554594 0.29554594]
channel-39
[0.7        0.5        0.50252855 0.50252855]
channel-40
[0.7        0.5        0.38110593 0.38110593]
channel-41
[0.7        0.5        0.29554594 0.29554594]
channel-42
[0.9        0.5        0.50252855 0.50252855]
channel-43
[0.9        0.5        0.38110593 0.38110593]
channel-44
[0.9        0.5        0.29554594 0.29554594]
channel-45
[0.1        0.7        0.50252855 0.50252855]
channel-46
[0.1        0.7        0.38110593 0.38110593]
channel-47
[0.1        0.7        0.29554594 0.29554594]
channel-48
[0.3        0.7        0.50252855 0.50252855]
channel-49
[0.3        0.7        0.38110593 0.38110593]
channel-50
[0.3        0.7        0.29554594 0.29554594]
channel-51
[0.5        0.7        0.50252855 0.50252855]
channel-52
[0.5        0.7        0.38110593 0.38110593]
channel-53
[0.5        0.7        0.29554594 0.29554594]
channel-54
[0.7        0.7        0.50252855 0.50252855]
channel-55
[0.7        0.7        0.38110593 0.38110593]
channel-56
[0.7        0.7        0.29554594 0.29554594]
channel-57
[0.9        0.7        0.50252855 0.50252855]
channel-58
[0.9        0.7        0.38110593 0.38110593]
channel-59
[0.9        0.7        0.29554594 0.29554594]
channel-60
[0.1        0.9        0.50252855 0.50252855]
channel-61
[0.1        0.9        0.38110593 0.38110593]
channel-62
[0.1        0.9        0.29554594 0.29554594]
channel-63
[0.3        0.9        0.50252855 0.50252855]
channel-64
[0.3        0.9        0.38110593 0.38110593]
channel-65
[0.3        0.9        0.29554594 0.29554594]
channel-66
[0.5        0.9        0.50252855 0.50252855]
channel-67
[0.5        0.9        0.38110593 0.38110593]
channel-68
[0.5        0.9        0.29554594 0.29554594]
channel-69
[0.7        0.9        0.50252855 0.50252855]
channel-70
[0.7        0.9        0.38110593 0.38110593]
channel-71
[0.7        0.9        0.29554594 0.29554594]
channel-72
[0.9        0.9        0.50252855 0.50252855]
channel-73
[0.9        0.9        0.38110593 0.38110593]
channel-74
[0.9        0.9        0.29554594 0.29554594]
channel-75
[0.05       0.05       0.23284498 0.23284498]
channel-76
[0.05      0.05      0.1872626 0.1872626]
channel-77
[0.05       0.05       0.13009897 0.13009897]
channel-78
[0.15       0.05       0.23284498 0.23284498]
channel-79
[0.15      0.05      0.1872626 0.1872626]
channel-80
[0.15       0.05       0.13009897 0.13009897]
channel-81
[0.25       0.05       0.23284498 0.23284498]
channel-82
[0.25      0.05      0.1872626 0.1872626]
channel-83
[0.25       0.05       0.13009897 0.13009897]
channel-84
[0.35       0.05       0.23284498 0.23284498]
channel-85
[0.35      0.05      0.1872626 0.1872626]
channel-86
[0.35       0.05       0.13009897 0.13009897]
channel-87
[0.45       0.05       0.23284498 0.23284498]
channel-88
[0.45      0.05      0.1872626 0.1872626]
channel-89
[0.45       0.05       0.13009897 0.13009897]
channel-90
[0.55       0.05       0.23284498 0.23284498]
channel-91
[0.55      0.05      0.1872626 0.1872626]
channel-92
[0.55       0.05       0.13009897 0.13009897]
channel-93
[0.65       0.05       0.23284498 0.23284498]
channel-94
[0.65      0.05      0.1872626 0.1872626]
channel-95
[0.65       0.05       0.13009897 0.13009897]
channel-96
[0.75       0.05       0.23284498 0.23284498]
channel-97
[0.75      0.05      0.1872626 0.1872626]
channel-98
[0.75       0.05       0.13009897 0.13009897]
channel-99
[0.85       0.05       0.23284498 0.23284498]
channel-100
[0.85      0.05      0.1872626 0.1872626]
channel-101
[0.85       0.05       0.13009897 0.13009897]
channel-102
[0.95       0.05       0.23284498 0.23284498]
channel-103
[0.95      0.05      0.1872626 0.1872626]
channel-104
[0.95       0.05       0.13009897 0.13009897]
channel-105
[0.05       0.15       0.23284498 0.23284498]
channel-106
[0.05      0.15      0.1872626 0.1872626]
channel-107
[0.05       0.15       0.13009897 0.13009897]
channel-108
[0.15       0.15       0.23284498 0.23284498]
channel-109
[0.15      0.15      0.1872626 0.1872626]
channel-110
[0.15       0.15       0.13009897 0.13009897]
channel-111
[0.25       0.15       0.23284498 0.23284498]
channel-112
[0.25      0.15      0.1872626 0.1872626]
channel-113
[0.25       0.15       0.13009897 0.13009897]
channel-114
[0.35       0.15       0.23284498 0.23284498]
channel-115
[0.35      0.15      0.1872626 0.1872626]
channel-116
[0.35       0.15       0.13009897 0.13009897]
channel-117
[0.45       0.15       0.23284498 0.23284498]
channel-118
[0.45      0.15      0.1872626 0.1872626]
channel-119
[0.45       0.15       0.13009897 0.13009897]
channel-120
[0.55       0.15       0.23284498 0.23284498]
channel-121
[0.55      0.15      0.1872626 0.1872626]
channel-122
[0.55       0.15       0.13009897 0.13009897]
channel-123
[0.65       0.15       0.23284498 0.23284498]
channel-124
[0.65      0.15      0.1872626 0.1872626]
channel-125
[0.65       0.15       0.13009897 0.13009897]
channel-126
[0.75       0.15       0.23284498 0.23284498]
channel-127
[0.75      0.15      0.1872626 0.1872626]
channel-128
[0.75       0.15       0.13009897 0.13009897]
channel-129
[0.85       0.15       0.23284498 0.23284498]
channel-130
[0.85      0.15      0.1872626 0.1872626]
channel-131
[0.85       0.15       0.13009897 0.13009897]
channel-132
[0.95       0.15       0.23284498 0.23284498]
channel-133
[0.95      0.15      0.1872626 0.1872626]
channel-134
[0.95       0.15       0.13009897 0.13009897]
channel-135
[0.05       0.25       0.23284498 0.23284498]
channel-136
[0.05      0.25      0.1872626 0.1872626]
channel-137
[0.05       0.25       0.13009897 0.13009897]
channel-138
[0.15       0.25       0.23284498 0.23284498]
channel-139
[0.15      0.25      0.1872626 0.1872626]
channel-140
[0.15       0.25       0.13009897 0.13009897]
channel-141
[0.25       0.25       0.23284498 0.23284498]
channel-142
[0.25      0.25      0.1872626 0.1872626]
channel-143
[0.25       0.25       0.13009897 0.13009897]
channel-144
[0.35       0.25       0.23284498 0.23284498]
channel-145
[0.35      0.25      0.1872626 0.1872626]
channel-146
[0.35       0.25       0.13009897 0.13009897]
channel-147
[0.45       0.25       0.23284498 0.23284498]
channel-148
[0.45      0.25      0.1872626 0.1872626]
channel-149
[0.45       0.25       0.13009897 0.13009897]
channel-150
[0.55       0.25       0.23284498 0.23284498]
channel-151
[0.55      0.25      0.1872626 0.1872626]
channel-152
[0.55       0.25       0.13009897 0.13009897]
channel-153
[0.65       0.25       0.23284498 0.23284498]
channel-154
[0.65      0.25      0.1872626 0.1872626]
channel-155
[0.65       0.25       0.13009897 0.13009897]
channel-156
[0.75       0.25       0.23284498 0.23284498]
channel-157
[0.75      0.25      0.1872626 0.1872626]
channel-158
[0.75       0.25       0.13009897 0.13009897]
channel-159
[0.85       0.25       0.23284498 0.23284498]
channel-160
[0.85      0.25      0.1872626 0.1872626]
channel-161
[0.85       0.25       0.13009897 0.13009897]
channel-162
[0.95       0.25       0.23284498 0.23284498]
channel-163
[0.95      0.25      0.1872626 0.1872626]
channel-164
[0.95       0.25       0.13009897 0.13009897]
channel-165
[0.05       0.35       0.23284498 0.23284498]
channel-166
[0.05      0.35      0.1872626 0.1872626]
channel-167
[0.05       0.35       0.13009897 0.13009897]
channel-168
[0.15       0.35       0.23284498 0.23284498]
channel-169
[0.15      0.35      0.1872626 0.1872626]
channel-170
[0.15       0.35       0.13009897 0.13009897]
channel-171
[0.25       0.35       0.23284498 0.23284498]
channel-172
[0.25      0.35      0.1872626 0.1872626]
channel-173
[0.25       0.35       0.13009897 0.13009897]
channel-174
[0.35       0.35       0.23284498 0.23284498]
channel-175
[0.35      0.35      0.1872626 0.1872626]
channel-176
[0.35       0.35       0.13009897 0.13009897]
channel-177
[0.45       0.35       0.23284498 0.23284498]
channel-178
[0.45      0.35      0.1872626 0.1872626]
channel-179
[0.45       0.35       0.13009897 0.13009897]
channel-180
[0.55       0.35       0.23284498 0.23284498]
channel-181
[0.55      0.35      0.1872626 0.1872626]
channel-182
[0.55       0.35       0.13009897 0.13009897]
channel-183
[0.65       0.35       0.23284498 0.23284498]
channel-184
[0.65      0.35      0.1872626 0.1872626]
channel-185
[0.65       0.35       0.13009897 0.13009897]
channel-186
[0.75       0.35       0.23284498 0.23284498]
channel-187
[0.75      0.35      0.1872626 0.1872626]
channel-188
[0.75       0.35       0.13009897 0.13009897]
channel-189
[0.85       0.35       0.23284498 0.23284498]
channel-190
[0.85      0.35      0.1872626 0.1872626]
channel-191
[0.85       0.35       0.13009897 0.13009897]
channel-192
[0.95       0.35       0.23284498 0.23284498]
channel-193
[0.95      0.35      0.1872626 0.1872626]
channel-194
[0.95       0.35       0.13009897 0.13009897]
channel-195
[0.05       0.45       0.23284498 0.23284498]
channel-196
[0.05      0.45      0.1872626 0.1872626]
channel-197
[0.05       0.45       0.13009897 0.13009897]
channel-198
[0.15       0.45       0.23284498 0.23284498]
channel-199
[0.15      0.45      0.1872626 0.1872626]
channel-200
[0.15       0.45       0.13009897 0.13009897]
channel-201
[0.25       0.45       0.23284498 0.23284498]
channel-202
[0.25      0.45      0.1872626 0.1872626]
channel-203
[0.25       0.45       0.13009897 0.13009897]
channel-204
[0.35       0.45       0.23284498 0.23284498]
channel-205
[0.35      0.45      0.1872626 0.1872626]
channel-206
[0.35       0.45       0.13009897 0.13009897]
channel-207
[0.45       0.45       0.23284498 0.23284498]
channel-208
[0.45      0.45      0.1872626 0.1872626]
channel-209
[0.45       0.45       0.13009897 0.13009897]
channel-210
[0.55       0.45       0.23284498 0.23284498]
channel-211
[0.55      0.45      0.1872626 0.1872626]
channel-212
[0.55       0.45       0.13009897 0.13009897]
channel-213
[0.65       0.45       0.23284498 0.23284498]
channel-214
[0.65      0.45      0.1872626 0.1872626]
channel-215
[0.65       0.45       0.13009897 0.13009897]
channel-216
[0.75       0.45       0.23284498 0.23284498]
channel-217
[0.75      0.45      0.1872626 0.1872626]
channel-218
[0.75       0.45       0.13009897 0.13009897]
channel-219
[0.85       0.45       0.23284498 0.23284498]
channel-220
[0.85      0.45      0.1872626 0.1872626]
channel-221
[0.85       0.45       0.13009897 0.13009897]
channel-222
[0.95       0.45       0.23284498 0.23284498]
channel-223
[0.95      0.45      0.1872626 0.1872626]
channel-224
[0.95       0.45       0.13009897 0.13009897]
channel-225
[0.05       0.55       0.23284498 0.23284498]
channel-226
[0.05      0.55      0.1872626 0.1872626]
channel-227
[0.05       0.55       0.13009897 0.13009897]
channel-228
[0.15       0.55       0.23284498 0.23284498]
channel-229
[0.15      0.55      0.1872626 0.1872626]
channel-230
[0.15       0.55       0.13009897 0.13009897]
channel-231
[0.25       0.55       0.23284498 0.23284498]
channel-232
[0.25      0.55      0.1872626 0.1872626]
channel-233
[0.25       0.55       0.13009897 0.13009897]
channel-234
[0.35       0.55       0.23284498 0.23284498]
channel-235
[0.35      0.55      0.1872626 0.1872626]
channel-236
[0.35       0.55       0.13009897 0.13009897]
channel-237
[0.45       0.55       0.23284498 0.23284498]
channel-238
[0.45      0.55      0.1872626 0.1872626]
channel-239
[0.45       0.55       0.13009897 0.13009897]
channel-240
[0.55       0.55       0.23284498 0.23284498]
channel-241
[0.55      0.55      0.1872626 0.1872626]
channel-242
[0.55       0.55       0.13009897 0.13009897]
channel-243
[0.65       0.55       0.23284498 0.23284498]
channel-244
[0.65      0.55      0.1872626 0.1872626]
channel-245
[0.65       0.55       0.13009897 0.13009897]
channel-246
[0.75       0.55       0.23284498 0.23284498]
channel-247
[0.75      0.55      0.1872626 0.1872626]
channel-248
[0.75       0.55       0.13009897 0.13009897]
channel-249
[0.85       0.55       0.23284498 0.23284498]
channel-250
[0.85      0.55      0.1872626 0.1872626]
channel-251
[0.85       0.55       0.13009897 0.13009897]
channel-252
[0.95       0.55       0.23284498 0.23284498]
channel-253
[0.95      0.55      0.1872626 0.1872626]
channel-254
[0.95       0.55       0.13009897 0.13009897]
channel-255
[0.05       0.65       0.23284498 0.23284498]
channel-256
[0.05      0.65      0.1872626 0.1872626]
channel-257
[0.05       0.65       0.13009897 0.13009897]
channel-258
[0.15       0.65       0.23284498 0.23284498]
channel-259
[0.15      0.65      0.1872626 0.1872626]
channel-260
[0.15       0.65       0.13009897 0.13009897]
channel-261
[0.25       0.65       0.23284498 0.23284498]
channel-262
[0.25      0.65      0.1872626 0.1872626]
channel-263
[0.25       0.65       0.13009897 0.13009897]
channel-264
[0.35       0.65       0.23284498 0.23284498]
channel-265
[0.35      0.65      0.1872626 0.1872626]
channel-266
[0.35       0.65       0.13009897 0.13009897]
channel-267
[0.45       0.65       0.23284498 0.23284498]
channel-268
[0.45      0.65      0.1872626 0.1872626]
channel-269
[0.45       0.65       0.13009897 0.13009897]
channel-270
[0.55       0.65       0.23284498 0.23284498]
channel-271
[0.55      0.65      0.1872626 0.1872626]
channel-272
[0.55       0.65       0.13009897 0.13009897]
channel-273
[0.65       0.65       0.23284498 0.23284498]
channel-274
[0.65      0.65      0.1872626 0.1872626]
channel-275
[0.65       0.65       0.13009897 0.13009897]
channel-276
[0.75       0.65       0.23284498 0.23284498]
channel-277
[0.75      0.65      0.1872626 0.1872626]
channel-278
[0.75       0.65       0.13009897 0.13009897]
channel-279
[0.85       0.65       0.23284498 0.23284498]
channel-280
[0.85      0.65      0.1872626 0.1872626]
channel-281
[0.85       0.65       0.13009897 0.13009897]
channel-282
[0.95       0.65       0.23284498 0.23284498]
channel-283
[0.95      0.65      0.1872626 0.1872626]
channel-284
[0.95       0.65       0.13009897 0.13009897]
channel-285
[0.05       0.75       0.23284498 0.23284498]
channel-286
[0.05      0.75      0.1872626 0.1872626]
channel-287
[0.05       0.75       0.13009897 0.13009897]
channel-288
[0.15       0.75       0.23284498 0.23284498]
channel-289
[0.15      0.75      0.1872626 0.1872626]
channel-290
[0.15       0.75       0.13009897 0.13009897]
channel-291
[0.25       0.75       0.23284498 0.23284498]
channel-292
[0.25      0.75      0.1872626 0.1872626]
channel-293
[0.25       0.75       0.13009897 0.13009897]
channel-294
[0.35       0.75       0.23284498 0.23284498]
channel-295
[0.35      0.75      0.1872626 0.1872626]
channel-296
[0.35       0.75       0.13009897 0.13009897]
channel-297
[0.45       0.75       0.23284498 0.23284498]
channel-298
[0.45      0.75      0.1872626 0.1872626]
channel-299
[0.45       0.75       0.13009897 0.13009897]
channel-300
[0.55       0.75       0.23284498 0.23284498]
channel-301
[0.55      0.75      0.1872626 0.1872626]
channel-302
[0.55       0.75       0.13009897 0.13009897]
channel-303
[0.65       0.75       0.23284498 0.23284498]
channel-304
[0.65      0.75      0.1872626 0.1872626]
channel-305
[0.65       0.75       0.13009897 0.13009897]
channel-306
[0.75       0.75       0.23284498 0.23284498]
channel-307
[0.75      0.75      0.1872626 0.1872626]
channel-308
[0.75       0.75       0.13009897 0.13009897]
channel-309
[0.85       0.75       0.23284498 0.23284498]
channel-310
[0.85      0.75      0.1872626 0.1872626]
channel-311
[0.85       0.75       0.13009897 0.13009897]
channel-312
[0.95       0.75       0.23284498 0.23284498]
channel-313
[0.95      0.75      0.1872626 0.1872626]
channel-314
[0.95       0.75       0.13009897 0.13009897]
channel-315
[0.05       0.85       0.23284498 0.23284498]
channel-316
[0.05      0.85      0.1872626 0.1872626]
channel-317
[0.05       0.85       0.13009897 0.13009897]
channel-318
[0.15       0.85       0.23284498 0.23284498]
channel-319
[0.15      0.85      0.1872626 0.1872626]
channel-320
[0.15       0.85       0.13009897 0.13009897]
channel-321
[0.25       0.85       0.23284498 0.23284498]
channel-322
[0.25      0.85      0.1872626 0.1872626]
channel-323
[0.25       0.85       0.13009897 0.13009897]
channel-324
[0.35       0.85       0.23284498 0.23284498]
channel-325
[0.35      0.85      0.1872626 0.1872626]
channel-326
[0.35       0.85       0.13009897 0.13009897]
channel-327
[0.45       0.85       0.23284498 0.23284498]
channel-328
[0.45      0.85      0.1872626 0.1872626]
channel-329
[0.45       0.85       0.13009897 0.13009897]
channel-330
[0.55       0.85       0.23284498 0.23284498]
channel-331
[0.55      0.85      0.1872626 0.1872626]
channel-332
[0.55       0.85       0.13009897 0.13009897]
channel-333
[0.65       0.85       0.23284498 0.23284498]
channel-334
[0.65      0.85      0.1872626 0.1872626]
channel-335
[0.65       0.85       0.13009897 0.13009897]
channel-336
[0.75       0.85       0.23284498 0.23284498]
channel-337
[0.75      0.85      0.1872626 0.1872626]
channel-338
[0.75       0.85       0.13009897 0.13009897]
channel-339
[0.85       0.85       0.23284498 0.23284498]
channel-340
[0.85      0.85      0.1872626 0.1872626]
channel-341
[0.85       0.85       0.13009897 0.13009897]
channel-342
[0.95       0.85       0.23284498 0.23284498]
channel-343
[0.95      0.85      0.1872626 0.1872626]
channel-344
[0.95       0.85       0.13009897 0.13009897]
channel-345
[0.05       0.95       0.23284498 0.23284498]
channel-346
[0.05      0.95      0.1872626 0.1872626]
channel-347
[0.05       0.95       0.13009897 0.13009897]
channel-348
[0.15       0.95       0.23284498 0.23284498]
channel-349
[0.15      0.95      0.1872626 0.1872626]
channel-350
[0.15       0.95       0.13009897 0.13009897]
channel-351
[0.25       0.95       0.23284498 0.23284498]
channel-352
[0.25      0.95      0.1872626 0.1872626]
channel-353
[0.25       0.95       0.13009897 0.13009897]
channel-354
[0.35       0.95       0.23284498 0.23284498]
channel-355
[0.35      0.95      0.1872626 0.1872626]
channel-356
[0.35       0.95       0.13009897 0.13009897]
channel-357
[0.45       0.95       0.23284498 0.23284498]
channel-358
[0.45      0.95      0.1872626 0.1872626]
channel-359
[0.45       0.95       0.13009897 0.13009897]
channel-360
[0.55       0.95       0.23284498 0.23284498]
channel-361
[0.55      0.95      0.1872626 0.1872626]
channel-362
[0.55       0.95       0.13009897 0.13009897]
channel-363
[0.65       0.95       0.23284498 0.23284498]
channel-364
[0.65      0.95      0.1872626 0.1872626]
channel-365
[0.65       0.95       0.13009897 0.13009897]
channel-366
[0.75       0.95       0.23284498 0.23284498]
channel-367
[0.75      0.95      0.1872626 0.1872626]
channel-368
[0.75       0.95       0.13009897 0.13009897]
channel-369
[0.85       0.95       0.23284498 0.23284498]
channel-370
[0.85      0.95      0.1872626 0.1872626]
channel-371
[0.85       0.95       0.13009897 0.13009897]
channel-372
[0.95       0.95       0.23284498 0.23284498]
channel-373
[0.95      0.95      0.1872626 0.1872626]
channel-374
[0.95       0.95       0.13009897 0.13009897]
channel-375
[0.025      0.025      0.15433037 0.15433037]
channel-376
[0.025      0.025      0.10886545 0.10886545]
channel-377
[0.025      0.025      0.08870823 0.08870823]
channel-378
[0.075      0.025      0.15433037 0.15433037]
channel-379
[0.075      0.025      0.10886545 0.10886545]
channel-380
[0.075      0.025      0.08870823 0.08870823]
channel-381
[0.125      0.025      0.15433037 0.15433037]
channel-382
[0.125      0.025      0.10886545 0.10886545]
channel-383
[0.125      0.025      0.08870823 0.08870823]
channel-384
[0.175      0.025      0.15433037 0.15433037]
channel-385
[0.175      0.025      0.10886545 0.10886545]
channel-386
[0.175      0.025      0.08870823 0.08870823]
channel-387
[0.225      0.025      0.15433037 0.15433037]
channel-388
[0.225      0.025      0.10886545 0.10886545]
channel-389
[0.225      0.025      0.08870823 0.08870823]
channel-390
[0.275      0.025      0.15433037 0.15433037]
channel-391
[0.275      0.025      0.10886545 0.10886545]
channel-392
[0.275      0.025      0.08870823 0.08870823]
channel-393
[0.325      0.025      0.15433037 0.15433037]
channel-394
[0.325      0.025      0.10886545 0.10886545]
channel-395
[0.325      0.025      0.08870823 0.08870823]
channel-396
[0.375      0.025      0.15433037 0.15433037]
channel-397
[0.375      0.025      0.10886545 0.10886545]
channel-398
[0.375      0.025      0.08870823 0.08870823]
channel-399
[0.425      0.025      0.15433037 0.15433037]
channel-400
[0.425      0.025      0.10886545 0.10886545]
channel-401
[0.425      0.025      0.08870823 0.08870823]
channel-402
[0.475      0.025      0.15433037 0.15433037]
channel-403
[0.475      0.025      0.10886545 0.10886545]
channel-404
[0.475      0.025      0.08870823 0.08870823]
channel-405
[0.525      0.025      0.15433037 0.15433037]
channel-406
[0.525      0.025      0.10886545 0.10886545]
channel-407
[0.525      0.025      0.08870823 0.08870823]
channel-408
[0.575      0.025      0.15433037 0.15433037]
channel-409
[0.575      0.025      0.10886545 0.10886545]
channel-410
[0.575      0.025      0.08870823 0.08870823]
channel-411
[0.625      0.025      0.15433037 0.15433037]
channel-412
[0.625      0.025      0.10886545 0.10886545]
channel-413
[0.625      0.025      0.08870823 0.08870823]
channel-414
[0.675      0.025      0.15433037 0.15433037]
channel-415
[0.675      0.025      0.10886545 0.10886545]
channel-416
[0.675      0.025      0.08870823 0.08870823]
channel-417
[0.725      0.025      0.15433037 0.15433037]
channel-418
[0.725      0.025      0.10886545 0.10886545]
channel-419
[0.725      0.025      0.08870823 0.08870823]
channel-420
[0.775      0.025      0.15433037 0.15433037]
channel-421
[0.775      0.025      0.10886545 0.10886545]
channel-422
[0.775      0.025      0.08870823 0.08870823]
channel-423
[0.825      0.025      0.15433037 0.15433037]
channel-424
[0.825      0.025      0.10886545 0.10886545]
channel-425
[0.825      0.025      0.08870823 0.08870823]
channel-426
[0.875      0.025      0.15433037 0.15433037]
channel-427
[0.875      0.025      0.10886545 0.10886545]
channel-428
[0.875      0.025      0.08870823 0.08870823]
channel-429
[0.925      0.025      0.15433037 0.15433037]
channel-430
[0.925      0.025      0.10886545 0.10886545]
channel-431
[0.925      0.025      0.08870823 0.08870823]
channel-432
[0.975      0.025      0.15433037 0.15433037]
channel-433
[0.975      0.025      0.10886545 0.10886545]
channel-434
[0.975      0.025      0.08870823 0.08870823]
channel-435
[0.025      0.075      0.15433037 0.15433037]
channel-436
[0.025      0.075      0.10886545 0.10886545]
channel-437
[0.025      0.075      0.08870823 0.08870823]
channel-438
[0.075      0.075      0.15433037 0.15433037]
channel-439
[0.075      0.075      0.10886545 0.10886545]
channel-440
[0.075      0.075      0.08870823 0.08870823]
channel-441
[0.125      0.075      0.15433037 0.15433037]
channel-442
[0.125      0.075      0.10886545 0.10886545]
channel-443
[0.125      0.075      0.08870823 0.08870823]
channel-444
[0.175      0.075      0.15433037 0.15433037]
channel-445
[0.175      0.075      0.10886545 0.10886545]
channel-446
[0.175      0.075      0.08870823 0.08870823]
channel-447
[0.225      0.075      0.15433037 0.15433037]
channel-448
[0.225      0.075      0.10886545 0.10886545]
channel-449
[0.225      0.075      0.08870823 0.08870823]
channel-450
[0.275      0.075      0.15433037 0.15433037]
channel-451
[0.275      0.075      0.10886545 0.10886545]
channel-452
[0.275      0.075      0.08870823 0.08870823]
channel-453
[0.325      0.075      0.15433037 0.15433037]
channel-454
[0.325      0.075      0.10886545 0.10886545]
channel-455
[0.325      0.075      0.08870823 0.08870823]
channel-456
[0.375      0.075      0.15433037 0.15433037]
channel-457
[0.375      0.075      0.10886545 0.10886545]
channel-458
[0.375      0.075      0.08870823 0.08870823]
channel-459
[0.425      0.075      0.15433037 0.15433037]
channel-460
[0.425      0.075      0.10886545 0.10886545]
channel-461
[0.425      0.075      0.08870823 0.08870823]
channel-462
[0.475      0.075      0.15433037 0.15433037]
channel-463
[0.475      0.075      0.10886545 0.10886545]
channel-464
[0.475      0.075      0.08870823 0.08870823]
channel-465
[0.525      0.075      0.15433037 0.15433037]
channel-466
[0.525      0.075      0.10886545 0.10886545]
channel-467
[0.525      0.075      0.08870823 0.08870823]
channel-468
[0.575      0.075      0.15433037 0.15433037]
channel-469
[0.575      0.075      0.10886545 0.10886545]
channel-470
[0.575      0.075      0.08870823 0.08870823]
channel-471
[0.625      0.075      0.15433037 0.15433037]
channel-472
[0.625      0.075      0.10886545 0.10886545]
channel-473
[0.625      0.075      0.08870823 0.08870823]
channel-474
[0.675      0.075      0.15433037 0.15433037]
channel-475
[0.675      0.075      0.10886545 0.10886545]
channel-476
[0.675      0.075      0.08870823 0.08870823]
channel-477
[0.725      0.075      0.15433037 0.15433037]
channel-478
[0.725      0.075      0.10886545 0.10886545]
channel-479
[0.725      0.075      0.08870823 0.08870823]
channel-480
[0.775      0.075      0.15433037 0.15433037]
channel-481
[0.775      0.075      0.10886545 0.10886545]
channel-482
[0.775      0.075      0.08870823 0.08870823]
channel-483
[0.825      0.075      0.15433037 0.15433037]
channel-484
[0.825      0.075      0.10886545 0.10886545]
channel-485
[0.825      0.075      0.08870823 0.08870823]
channel-486
[0.875      0.075      0.15433037 0.15433037]
channel-487
[0.875      0.075      0.10886545 0.10886545]
channel-488
[0.875      0.075      0.08870823 0.08870823]
channel-489
[0.925      0.075      0.15433037 0.15433037]
channel-490
[0.925      0.075      0.10886545 0.10886545]
channel-491
[0.925      0.075      0.08870823 0.08870823]
channel-492
[0.975      0.075      0.15433037 0.15433037]
channel-493
[0.975      0.075      0.10886545 0.10886545]
channel-494
[0.975      0.075      0.08870823 0.08870823]
channel-495
[0.025      0.125      0.15433037 0.15433037]
channel-496
[0.025      0.125      0.10886545 0.10886545]
channel-497
[0.025      0.125      0.08870823 0.08870823]
channel-498
[0.075      0.125      0.15433037 0.15433037]
channel-499
[0.075      0.125      0.10886545 0.10886545]
channel-500
[0.075      0.125      0.08870823 0.08870823]
channel-501
[0.125      0.125      0.15433037 0.15433037]
channel-502
[0.125      0.125      0.10886545 0.10886545]
channel-503
[0.125      0.125      0.08870823 0.08870823]
channel-504
[0.175      0.125      0.15433037 0.15433037]
channel-505
[0.175      0.125      0.10886545 0.10886545]
channel-506
[0.175      0.125      0.08870823 0.08870823]
channel-507
[0.225      0.125      0.15433037 0.15433037]
channel-508
[0.225      0.125      0.10886545 0.10886545]
channel-509
[0.225      0.125      0.08870823 0.08870823]
channel-510
[0.275      0.125      0.15433037 0.15433037]
channel-511
[0.275      0.125      0.10886545 0.10886545]
channel-512
[0.275      0.125      0.08870823 0.08870823]
channel-513
[0.325      0.125      0.15433037 0.15433037]
channel-514
[0.325      0.125      0.10886545 0.10886545]
channel-515
[0.325      0.125      0.08870823 0.08870823]
channel-516
[0.375      0.125      0.15433037 0.15433037]
channel-517
[0.375      0.125      0.10886545 0.10886545]
channel-518
[0.375      0.125      0.08870823 0.08870823]
channel-519
[0.425      0.125      0.15433037 0.15433037]
channel-520
[0.425      0.125      0.10886545 0.10886545]
channel-521
[0.425      0.125      0.08870823 0.08870823]
channel-522
[0.475      0.125      0.15433037 0.15433037]
channel-523
[0.475      0.125      0.10886545 0.10886545]
channel-524
[0.475      0.125      0.08870823 0.08870823]
channel-525
[0.525      0.125      0.15433037 0.15433037]
channel-526
[0.525      0.125      0.10886545 0.10886545]
channel-527
[0.525      0.125      0.08870823 0.08870823]
channel-528
[0.575      0.125      0.15433037 0.15433037]
channel-529
[0.575      0.125      0.10886545 0.10886545]
channel-530
[0.575      0.125      0.08870823 0.08870823]
channel-531
[0.625      0.125      0.15433037 0.15433037]
channel-532
[0.625      0.125      0.10886545 0.10886545]
channel-533
[0.625      0.125      0.08870823 0.08870823]
channel-534
[0.675      0.125      0.15433037 0.15433037]
channel-535
[0.675      0.125      0.10886545 0.10886545]
channel-536
[0.675      0.125      0.08870823 0.08870823]
channel-537
[0.725      0.125      0.15433037 0.15433037]
channel-538
[0.725      0.125      0.10886545 0.10886545]
channel-539
[0.725      0.125      0.08870823 0.08870823]
channel-540
[0.775      0.125      0.15433037 0.15433037]
channel-541
[0.775      0.125      0.10886545 0.10886545]
channel-542
[0.775      0.125      0.08870823 0.08870823]
channel-543
[0.825      0.125      0.15433037 0.15433037]
channel-544
[0.825      0.125      0.10886545 0.10886545]
channel-545
[0.825      0.125      0.08870823 0.08870823]
channel-546
[0.875      0.125      0.15433037 0.15433037]
channel-547
[0.875      0.125      0.10886545 0.10886545]
channel-548
[0.875      0.125      0.08870823 0.08870823]
channel-549
[0.925      0.125      0.15433037 0.15433037]
channel-550
[0.925      0.125      0.10886545 0.10886545]
channel-551
[0.925      0.125      0.08870823 0.08870823]
channel-552
[0.975      0.125      0.15433037 0.15433037]
channel-553
[0.975      0.125      0.10886545 0.10886545]
channel-554
[0.975      0.125      0.08870823 0.08870823]
channel-555
[0.025      0.175      0.15433037 0.15433037]
channel-556
[0.025      0.175      0.10886545 0.10886545]
channel-557
[0.025      0.175      0.08870823 0.08870823]
channel-558
[0.075      0.175      0.15433037 0.15433037]
channel-559
[0.075      0.175      0.10886545 0.10886545]
channel-560
[0.075      0.175      0.08870823 0.08870823]
channel-561
[0.125      0.175      0.15433037 0.15433037]
channel-562
[0.125      0.175      0.10886545 0.10886545]
channel-563
[0.125      0.175      0.08870823 0.08870823]
channel-564
[0.175      0.175      0.15433037 0.15433037]
channel-565
[0.175      0.175      0.10886545 0.10886545]
channel-566
[0.175      0.175      0.08870823 0.08870823]
channel-567
[0.225      0.175      0.15433037 0.15433037]
channel-568
[0.225      0.175      0.10886545 0.10886545]
channel-569
[0.225      0.175      0.08870823 0.08870823]
channel-570
[0.275      0.175      0.15433037 0.15433037]
channel-571
[0.275      0.175      0.10886545 0.10886545]
channel-572
[0.275      0.175      0.08870823 0.08870823]
channel-573
[0.325      0.175      0.15433037 0.15433037]
channel-574
[0.325      0.175      0.10886545 0.10886545]
channel-575
[0.325      0.175      0.08870823 0.08870823]
channel-576
[0.375      0.175      0.15433037 0.15433037]
channel-577
[0.375      0.175      0.10886545 0.10886545]
channel-578
[0.375      0.175      0.08870823 0.08870823]
channel-579
[0.425      0.175      0.15433037 0.15433037]
channel-580
[0.425      0.175      0.10886545 0.10886545]
channel-581
[0.425      0.175      0.08870823 0.08870823]
channel-582
[0.475      0.175      0.15433037 0.15433037]
channel-583
[0.475      0.175      0.10886545 0.10886545]
channel-584
[0.475      0.175      0.08870823 0.08870823]
channel-585
[0.525      0.175      0.15433037 0.15433037]
channel-586
[0.525      0.175      0.10886545 0.10886545]
channel-587
[0.525      0.175      0.08870823 0.08870823]
channel-588
[0.575      0.175      0.15433037 0.15433037]
channel-589
[0.575      0.175      0.10886545 0.10886545]
channel-590
[0.575      0.175      0.08870823 0.08870823]
channel-591
[0.625      0.175      0.15433037 0.15433037]
channel-592
[0.625      0.175      0.10886545 0.10886545]
channel-593
[0.625      0.175      0.08870823 0.08870823]
channel-594
[0.675      0.175      0.15433037 0.15433037]
channel-595
[0.675      0.175      0.10886545 0.10886545]
channel-596
[0.675      0.175      0.08870823 0.08870823]
channel-597
[0.725      0.175      0.15433037 0.15433037]
channel-598
[0.725      0.175      0.10886545 0.10886545]
channel-599
[0.725      0.175      0.08870823 0.08870823]
channel-600
[0.775      0.175      0.15433037 0.15433037]
channel-601
[0.775      0.175      0.10886545 0.10886545]
channel-602
[0.775      0.175      0.08870823 0.08870823]
channel-603
[0.825      0.175      0.15433037 0.15433037]
channel-604
[0.825      0.175      0.10886545 0.10886545]
channel-605
[0.825      0.175      0.08870823 0.08870823]
channel-606
[0.875      0.175      0.15433037 0.15433037]
channel-607
[0.875      0.175      0.10886545 0.10886545]
channel-608
[0.875      0.175      0.08870823 0.08870823]
channel-609
[0.925      0.175      0.15433037 0.15433037]
channel-610
[0.925      0.175      0.10886545 0.10886545]
channel-611
[0.925      0.175      0.08870823 0.08870823]
channel-612
[0.975      0.175      0.15433037 0.15433037]
channel-613
[0.975      0.175      0.10886545 0.10886545]
channel-614
[0.975      0.175      0.08870823 0.08870823]
channel-615
[0.025      0.225      0.15433037 0.15433037]
channel-616
[0.025      0.225      0.10886545 0.10886545]
channel-617
[0.025      0.225      0.08870823 0.08870823]
channel-618
[0.075      0.225      0.15433037 0.15433037]
channel-619
[0.075      0.225      0.10886545 0.10886545]
channel-620
[0.075      0.225      0.08870823 0.08870823]
channel-621
[0.125      0.225      0.15433037 0.15433037]
channel-622
[0.125      0.225      0.10886545 0.10886545]
channel-623
[0.125      0.225      0.08870823 0.08870823]
channel-624
[0.175      0.225      0.15433037 0.15433037]
channel-625
[0.175      0.225      0.10886545 0.10886545]
channel-626
[0.175      0.225      0.08870823 0.08870823]
channel-627
[0.225      0.225      0.15433037 0.15433037]
channel-628
[0.225      0.225      0.10886545 0.10886545]
channel-629
[0.225      0.225      0.08870823 0.08870823]
channel-630
[0.275      0.225      0.15433037 0.15433037]
channel-631
[0.275      0.225      0.10886545 0.10886545]
channel-632
[0.275      0.225      0.08870823 0.08870823]
channel-633
[0.325      0.225      0.15433037 0.15433037]
channel-634
[0.325      0.225      0.10886545 0.10886545]
channel-635
[0.325      0.225      0.08870823 0.08870823]
channel-636
[0.375      0.225      0.15433037 0.15433037]
channel-637
[0.375      0.225      0.10886545 0.10886545]
channel-638
[0.375      0.225      0.08870823 0.08870823]
channel-639
[0.425      0.225      0.15433037 0.15433037]
channel-640
[0.425      0.225      0.10886545 0.10886545]
channel-641
[0.425      0.225      0.08870823 0.08870823]
channel-642
[0.475      0.225      0.15433037 0.15433037]
channel-643
[0.475      0.225      0.10886545 0.10886545]
channel-644
[0.475      0.225      0.08870823 0.08870823]
channel-645
[0.525      0.225      0.15433037 0.15433037]
channel-646
[0.525      0.225      0.10886545 0.10886545]
channel-647
[0.525      0.225      0.08870823 0.08870823]
channel-648
[0.575      0.225      0.15433037 0.15433037]
channel-649
[0.575      0.225      0.10886545 0.10886545]
channel-650
[0.575      0.225      0.08870823 0.08870823]
channel-651
[0.625      0.225      0.15433037 0.15433037]
channel-652
[0.625      0.225      0.10886545 0.10886545]
channel-653
[0.625      0.225      0.08870823 0.08870823]
channel-654
[0.675      0.225      0.15433037 0.15433037]
channel-655
[0.675      0.225      0.10886545 0.10886545]
channel-656
[0.675      0.225      0.08870823 0.08870823]
channel-657
[0.725      0.225      0.15433037 0.15433037]
channel-658
[0.725      0.225      0.10886545 0.10886545]
channel-659
[0.725      0.225      0.08870823 0.08870823]
channel-660
[0.775      0.225      0.15433037 0.15433037]
channel-661
[0.775      0.225      0.10886545 0.10886545]
channel-662
[0.775      0.225      0.08870823 0.08870823]
channel-663
[0.825      0.225      0.15433037 0.15433037]
channel-664
[0.825      0.225      0.10886545 0.10886545]
channel-665
[0.825      0.225      0.08870823 0.08870823]
channel-666
[0.875      0.225      0.15433037 0.15433037]
channel-667
[0.875      0.225      0.10886545 0.10886545]
channel-668
[0.875      0.225      0.08870823 0.08870823]
channel-669
[0.925      0.225      0.15433037 0.15433037]
channel-670
[0.925      0.225      0.10886545 0.10886545]
channel-671
[0.925      0.225      0.08870823 0.08870823]
channel-672
[0.975      0.225      0.15433037 0.15433037]
channel-673
[0.975      0.225      0.10886545 0.10886545]
channel-674
[0.975      0.225      0.08870823 0.08870823]
channel-675
[0.025      0.275      0.15433037 0.15433037]
channel-676
[0.025      0.275      0.10886545 0.10886545]
channel-677
[0.025      0.275      0.08870823 0.08870823]
channel-678
[0.075      0.275      0.15433037 0.15433037]
channel-679
[0.075      0.275      0.10886545 0.10886545]
channel-680
[0.075      0.275      0.08870823 0.08870823]
channel-681
[0.125      0.275      0.15433037 0.15433037]
channel-682
[0.125      0.275      0.10886545 0.10886545]
channel-683
[0.125      0.275      0.08870823 0.08870823]
channel-684
[0.175      0.275      0.15433037 0.15433037]
channel-685
[0.175      0.275      0.10886545 0.10886545]
channel-686
[0.175      0.275      0.08870823 0.08870823]
channel-687
[0.225      0.275      0.15433037 0.15433037]
channel-688
[0.225      0.275      0.10886545 0.10886545]
channel-689
[0.225      0.275      0.08870823 0.08870823]
channel-690
[0.275      0.275      0.15433037 0.15433037]
channel-691
[0.275      0.275      0.10886545 0.10886545]
channel-692
[0.275      0.275      0.08870823 0.08870823]
channel-693
[0.325      0.275      0.15433037 0.15433037]
channel-694
[0.325      0.275      0.10886545 0.10886545]
channel-695
[0.325      0.275      0.08870823 0.08870823]
channel-696
[0.375      0.275      0.15433037 0.15433037]
channel-697
[0.375      0.275      0.10886545 0.10886545]
channel-698
[0.375      0.275      0.08870823 0.08870823]
channel-699
[0.425      0.275      0.15433037 0.15433037]
channel-700
[0.425      0.275      0.10886545 0.10886545]
channel-701
[0.425      0.275      0.08870823 0.08870823]
channel-702
[0.475      0.275      0.15433037 0.15433037]
channel-703
[0.475      0.275      0.10886545 0.10886545]
channel-704
[0.475      0.275      0.08870823 0.08870823]
channel-705
[0.525      0.275      0.15433037 0.15433037]
channel-706
[0.525      0.275      0.10886545 0.10886545]
channel-707
[0.525      0.275      0.08870823 0.08870823]
channel-708
[0.575      0.275      0.15433037 0.15433037]
channel-709
[0.575      0.275      0.10886545 0.10886545]
channel-710
[0.575      0.275      0.08870823 0.08870823]
channel-711
[0.625      0.275      0.15433037 0.15433037]
channel-712
[0.625      0.275      0.10886545 0.10886545]
channel-713
[0.625      0.275      0.08870823 0.08870823]
channel-714
[0.675      0.275      0.15433037 0.15433037]
channel-715
[0.675      0.275      0.10886545 0.10886545]
channel-716
[0.675      0.275      0.08870823 0.08870823]
channel-717
[0.725      0.275      0.15433037 0.15433037]
channel-718
[0.725      0.275      0.10886545 0.10886545]
channel-719
[0.725      0.275      0.08870823 0.08870823]
channel-720
[0.775      0.275      0.15433037 0.15433037]
channel-721
[0.775      0.275      0.10886545 0.10886545]
channel-722
[0.775      0.275      0.08870823 0.08870823]
channel-723
[0.825      0.275      0.15433037 0.15433037]
channel-724
[0.825      0.275      0.10886545 0.10886545]
channel-725
[0.825      0.275      0.08870823 0.08870823]
channel-726
[0.875      0.275      0.15433037 0.15433037]
channel-727
[0.875      0.275      0.10886545 0.10886545]
channel-728
[0.875      0.275      0.08870823 0.08870823]
channel-729
[0.925      0.275      0.15433037 0.15433037]
channel-730
[0.925      0.275      0.10886545 0.10886545]
channel-731
[0.925      0.275      0.08870823 0.08870823]
channel-732
[0.975      0.275      0.15433037 0.15433037]
channel-733
[0.975      0.275      0.10886545 0.10886545]
channel-734
[0.975      0.275      0.08870823 0.08870823]
channel-735
[0.025      0.325      0.15433037 0.15433037]
channel-736
[0.025      0.325      0.10886545 0.10886545]
channel-737
[0.025      0.325      0.08870823 0.08870823]
channel-738
[0.075      0.325      0.15433037 0.15433037]
channel-739
[0.075      0.325      0.10886545 0.10886545]
channel-740
[0.075      0.325      0.08870823 0.08870823]
channel-741
[0.125      0.325      0.15433037 0.15433037]
channel-742
[0.125      0.325      0.10886545 0.10886545]
channel-743
[0.125      0.325      0.08870823 0.08870823]
channel-744
[0.175      0.325      0.15433037 0.15433037]
channel-745
[0.175      0.325      0.10886545 0.10886545]
channel-746
[0.175      0.325      0.08870823 0.08870823]
channel-747
[0.225      0.325      0.15433037 0.15433037]
channel-748
[0.225      0.325      0.10886545 0.10886545]
channel-749
[0.225      0.325      0.08870823 0.08870823]
channel-750
[0.275      0.325      0.15433037 0.15433037]
channel-751
[0.275      0.325      0.10886545 0.10886545]
channel-752
[0.275      0.325      0.08870823 0.08870823]
channel-753
[0.325      0.325      0.15433037 0.15433037]
channel-754
[0.325      0.325      0.10886545 0.10886545]
channel-755
[0.325      0.325      0.08870823 0.08870823]
channel-756
[0.375      0.325      0.15433037 0.15433037]
channel-757
[0.375      0.325      0.10886545 0.10886545]
channel-758
[0.375      0.325      0.08870823 0.08870823]
channel-759
[0.425      0.325      0.15433037 0.15433037]
channel-760
[0.425      0.325      0.10886545 0.10886545]
channel-761
[0.425      0.325      0.08870823 0.08870823]
channel-762
[0.475      0.325      0.15433037 0.15433037]
channel-763
[0.475      0.325      0.10886545 0.10886545]
channel-764
[0.475      0.325      0.08870823 0.08870823]
channel-765
[0.525      0.325      0.15433037 0.15433037]
channel-766
[0.525      0.325      0.10886545 0.10886545]
channel-767
[0.525      0.325      0.08870823 0.08870823]
channel-768
[0.575      0.325      0.15433037 0.15433037]
channel-769
[0.575      0.325      0.10886545 0.10886545]
channel-770
[0.575      0.325      0.08870823 0.08870823]
channel-771
[0.625      0.325      0.15433037 0.15433037]
channel-772
[0.625      0.325      0.10886545 0.10886545]
channel-773
[0.625      0.325      0.08870823 0.08870823]
channel-774
[0.675      0.325      0.15433037 0.15433037]
channel-775
[0.675      0.325      0.10886545 0.10886545]
channel-776
[0.675      0.325      0.08870823 0.08870823]
channel-777
[0.725      0.325      0.15433037 0.15433037]
channel-778
[0.725      0.325      0.10886545 0.10886545]
channel-779
[0.725      0.325      0.08870823 0.08870823]
channel-780
[0.775      0.325      0.15433037 0.15433037]
channel-781
[0.775      0.325      0.10886545 0.10886545]
channel-782
[0.775      0.325      0.08870823 0.08870823]
channel-783
[0.825      0.325      0.15433037 0.15433037]
channel-784
[0.825      0.325      0.10886545 0.10886545]
channel-785
[0.825      0.325      0.08870823 0.08870823]
channel-786
[0.875      0.325      0.15433037 0.15433037]
channel-787
[0.875      0.325      0.10886545 0.10886545]
channel-788
[0.875      0.325      0.08870823 0.08870823]
channel-789
[0.925      0.325      0.15433037 0.15433037]
channel-790
[0.925      0.325      0.10886545 0.10886545]
channel-791
[0.925      0.325      0.08870823 0.08870823]
channel-792
[0.975      0.325      0.15433037 0.15433037]
channel-793
[0.975      0.325      0.10886545 0.10886545]
channel-794
[0.975      0.325      0.08870823 0.08870823]
channel-795
[0.025      0.375      0.15433037 0.15433037]
channel-796
[0.025      0.375      0.10886545 0.10886545]
channel-797
[0.025      0.375      0.08870823 0.08870823]
channel-798
[0.075      0.375      0.15433037 0.15433037]
channel-799
[0.075      0.375      0.10886545 0.10886545]
channel-800
[0.075      0.375      0.08870823 0.08870823]
channel-801
[0.125      0.375      0.15433037 0.15433037]
channel-802
[0.125      0.375      0.10886545 0.10886545]
channel-803
[0.125      0.375      0.08870823 0.08870823]
channel-804
[0.175      0.375      0.15433037 0.15433037]
channel-805
[0.175      0.375      0.10886545 0.10886545]
channel-806
[0.175      0.375      0.08870823 0.08870823]
channel-807
[0.225      0.375      0.15433037 0.15433037]
channel-808
[0.225      0.375      0.10886545 0.10886545]
channel-809
[0.225      0.375      0.08870823 0.08870823]
channel-810
[0.275      0.375      0.15433037 0.15433037]
channel-811
[0.275      0.375      0.10886545 0.10886545]
channel-812
[0.275      0.375      0.08870823 0.08870823]
channel-813
[0.325      0.375      0.15433037 0.15433037]
channel-814
[0.325      0.375      0.10886545 0.10886545]
channel-815
[0.325      0.375      0.08870823 0.08870823]
channel-816
[0.375      0.375      0.15433037 0.15433037]
channel-817
[0.375      0.375      0.10886545 0.10886545]
channel-818
[0.375      0.375      0.08870823 0.08870823]
channel-819
[0.425      0.375      0.15433037 0.15433037]
channel-820
[0.425      0.375      0.10886545 0.10886545]
channel-821
[0.425      0.375      0.08870823 0.08870823]
channel-822
[0.475      0.375      0.15433037 0.15433037]
channel-823
[0.475      0.375      0.10886545 0.10886545]
channel-824
[0.475      0.375      0.08870823 0.08870823]
channel-825
[0.525      0.375      0.15433037 0.15433037]
channel-826
[0.525      0.375      0.10886545 0.10886545]
channel-827
[0.525      0.375      0.08870823 0.08870823]
channel-828
[0.575      0.375      0.15433037 0.15433037]
channel-829
[0.575      0.375      0.10886545 0.10886545]
channel-830
[0.575      0.375      0.08870823 0.08870823]
channel-831
[0.625      0.375      0.15433037 0.15433037]
channel-832
[0.625      0.375      0.10886545 0.10886545]
channel-833
[0.625      0.375      0.08870823 0.08870823]
channel-834
[0.675      0.375      0.15433037 0.15433037]
channel-835
[0.675      0.375      0.10886545 0.10886545]
channel-836
[0.675      0.375      0.08870823 0.08870823]
channel-837
[0.725      0.375      0.15433037 0.15433037]
channel-838
[0.725      0.375      0.10886545 0.10886545]
channel-839
[0.725      0.375      0.08870823 0.08870823]
channel-840
[0.775      0.375      0.15433037 0.15433037]
channel-841
[0.775      0.375      0.10886545 0.10886545]
channel-842
[0.775      0.375      0.08870823 0.08870823]
channel-843
[0.825      0.375      0.15433037 0.15433037]
channel-844
[0.825      0.375      0.10886545 0.10886545]
channel-845
[0.825      0.375      0.08870823 0.08870823]
channel-846
[0.875      0.375      0.15433037 0.15433037]
channel-847
[0.875      0.375      0.10886545 0.10886545]
channel-848
[0.875      0.375      0.08870823 0.08870823]
channel-849
[0.925      0.375      0.15433037 0.15433037]
channel-850
[0.925      0.375      0.10886545 0.10886545]
channel-851
[0.925      0.375      0.08870823 0.08870823]
channel-852
[0.975      0.375      0.15433037 0.15433037]
channel-853
[0.975      0.375      0.10886545 0.10886545]
channel-854
[0.975      0.375      0.08870823 0.08870823]
channel-855
[0.025      0.425      0.15433037 0.15433037]
channel-856
[0.025      0.425      0.10886545 0.10886545]
channel-857
[0.025      0.425      0.08870823 0.08870823]
channel-858
[0.075      0.425      0.15433037 0.15433037]
channel-859
[0.075      0.425      0.10886545 0.10886545]
channel-860
[0.075      0.425      0.08870823 0.08870823]
channel-861
[0.125      0.425      0.15433037 0.15433037]
channel-862
[0.125      0.425      0.10886545 0.10886545]
channel-863
[0.125      0.425      0.08870823 0.08870823]
channel-864
[0.175      0.425      0.15433037 0.15433037]
channel-865
[0.175      0.425      0.10886545 0.10886545]
channel-866
[0.175      0.425      0.08870823 0.08870823]
channel-867
[0.225      0.425      0.15433037 0.15433037]
channel-868
[0.225      0.425      0.10886545 0.10886545]
channel-869
[0.225      0.425      0.08870823 0.08870823]
channel-870
[0.275      0.425      0.15433037 0.15433037]
channel-871
[0.275      0.425      0.10886545 0.10886545]
channel-872
[0.275      0.425      0.08870823 0.08870823]
channel-873
[0.325      0.425      0.15433037 0.15433037]
channel-874
[0.325      0.425      0.10886545 0.10886545]
channel-875
[0.325      0.425      0.08870823 0.08870823]
channel-876
[0.375      0.425      0.15433037 0.15433037]
channel-877
[0.375      0.425      0.10886545 0.10886545]
channel-878
[0.375      0.425      0.08870823 0.08870823]
channel-879
[0.425      0.425      0.15433037 0.15433037]
channel-880
[0.425      0.425      0.10886545 0.10886545]
channel-881
[0.425      0.425      0.08870823 0.08870823]
channel-882
[0.475      0.425      0.15433037 0.15433037]
channel-883
[0.475      0.425      0.10886545 0.10886545]
channel-884
[0.475      0.425      0.08870823 0.08870823]
channel-885
[0.525      0.425      0.15433037 0.15433037]
channel-886
[0.525      0.425      0.10886545 0.10886545]
channel-887
[0.525      0.425      0.08870823 0.08870823]
channel-888
[0.575      0.425      0.15433037 0.15433037]
channel-889
[0.575      0.425      0.10886545 0.10886545]
channel-890
[0.575      0.425      0.08870823 0.08870823]
channel-891
[0.625      0.425      0.15433037 0.15433037]
channel-892
[0.625      0.425      0.10886545 0.10886545]
channel-893
[0.625      0.425      0.08870823 0.08870823]
channel-894
[0.675      0.425      0.15433037 0.15433037]
channel-895
[0.675      0.425      0.10886545 0.10886545]
channel-896
[0.675      0.425      0.08870823 0.08870823]
channel-897
[0.725      0.425      0.15433037 0.15433037]
channel-898
[0.725      0.425      0.10886545 0.10886545]
channel-899
[0.725      0.425      0.08870823 0.08870823]
channel-900
[0.775      0.425      0.15433037 0.15433037]
channel-901
[0.775      0.425      0.10886545 0.10886545]
channel-902
[0.775      0.425      0.08870823 0.08870823]
channel-903
[0.825      0.425      0.15433037 0.15433037]
channel-904
[0.825      0.425      0.10886545 0.10886545]
channel-905
[0.825      0.425      0.08870823 0.08870823]
channel-906
[0.875      0.425      0.15433037 0.15433037]
channel-907
[0.875      0.425      0.10886545 0.10886545]
channel-908
[0.875      0.425      0.08870823 0.08870823]
channel-909
[0.925      0.425      0.15433037 0.15433037]
channel-910
[0.925      0.425      0.10886545 0.10886545]
channel-911
[0.925      0.425      0.08870823 0.08870823]
channel-912
[0.975      0.425      0.15433037 0.15433037]
channel-913
[0.975      0.425      0.10886545 0.10886545]
channel-914
[0.975      0.425      0.08870823 0.08870823]
channel-915
[0.025      0.475      0.15433037 0.15433037]
channel-916
[0.025      0.475      0.10886545 0.10886545]
channel-917
[0.025      0.475      0.08870823 0.08870823]
channel-918
[0.075      0.475      0.15433037 0.15433037]
channel-919
[0.075      0.475      0.10886545 0.10886545]
channel-920
[0.075      0.475      0.08870823 0.08870823]
channel-921
[0.125      0.475      0.15433037 0.15433037]
channel-922
[0.125      0.475      0.10886545 0.10886545]
channel-923
[0.125      0.475      0.08870823 0.08870823]
channel-924
[0.175      0.475      0.15433037 0.15433037]
channel-925
[0.175      0.475      0.10886545 0.10886545]
channel-926
[0.175      0.475      0.08870823 0.08870823]
channel-927
[0.225      0.475      0.15433037 0.15433037]
channel-928
[0.225      0.475      0.10886545 0.10886545]
channel-929
[0.225      0.475      0.08870823 0.08870823]
channel-930
[0.275      0.475      0.15433037 0.15433037]
channel-931
[0.275      0.475      0.10886545 0.10886545]
channel-932
[0.275      0.475      0.08870823 0.08870823]
channel-933
[0.325      0.475      0.15433037 0.15433037]
channel-934
[0.325      0.475      0.10886545 0.10886545]
channel-935
[0.325      0.475      0.08870823 0.08870823]
channel-936
[0.375      0.475      0.15433037 0.15433037]
channel-937
[0.375      0.475      0.10886545 0.10886545]
channel-938
[0.375      0.475      0.08870823 0.08870823]
channel-939
[0.425      0.475      0.15433037 0.15433037]
channel-940
[0.425      0.475      0.10886545 0.10886545]
channel-941
[0.425      0.475      0.08870823 0.08870823]
channel-942
[0.475      0.475      0.15433037 0.15433037]
channel-943
[0.475      0.475      0.10886545 0.10886545]
channel-944
[0.475      0.475      0.08870823 0.08870823]
channel-945
[0.525      0.475      0.15433037 0.15433037]
channel-946
[0.525      0.475      0.10886545 0.10886545]
channel-947
[0.525      0.475      0.08870823 0.08870823]
channel-948
[0.575      0.475      0.15433037 0.15433037]
channel-949
[0.575      0.475      0.10886545 0.10886545]
channel-950
[0.575      0.475      0.08870823 0.08870823]
channel-951
[0.625      0.475      0.15433037 0.15433037]
channel-952
[0.625      0.475      0.10886545 0.10886545]
channel-953
[0.625      0.475      0.08870823 0.08870823]
channel-954
[0.675      0.475      0.15433037 0.15433037]
channel-955
[0.675      0.475      0.10886545 0.10886545]
channel-956
[0.675      0.475      0.08870823 0.08870823]
channel-957
[0.725      0.475      0.15433037 0.15433037]
channel-958
[0.725      0.475      0.10886545 0.10886545]
channel-959
[0.725      0.475      0.08870823 0.08870823]
channel-960
[0.775      0.475      0.15433037 0.15433037]
channel-961
[0.775      0.475      0.10886545 0.10886545]
channel-962
[0.775      0.475      0.08870823 0.08870823]
channel-963
[0.825      0.475      0.15433037 0.15433037]
channel-964
[0.825      0.475      0.10886545 0.10886545]
channel-965
[0.825      0.475      0.08870823 0.08870823]
channel-966
[0.875      0.475      0.15433037 0.15433037]
channel-967
[0.875      0.475      0.10886545 0.10886545]
channel-968
[0.875      0.475      0.08870823 0.08870823]
channel-969
[0.925      0.475      0.15433037 0.15433037]
channel-970
[0.925      0.475      0.10886545 0.10886545]
channel-971
[0.925      0.475      0.08870823 0.08870823]
channel-972
[0.975      0.475      0.15433037 0.15433037]
channel-973
[0.975      0.475      0.10886545 0.10886545]
channel-974
[0.975      0.475      0.08870823 0.08870823]
channel-975
[0.025      0.525      0.15433037 0.15433037]
channel-976
[0.025      0.525      0.10886545 0.10886545]
channel-977
[0.025      0.525      0.08870823 0.08870823]
channel-978
[0.075      0.525      0.15433037 0.15433037]
channel-979
[0.075      0.525      0.10886545 0.10886545]
channel-980
[0.075      0.525      0.08870823 0.08870823]
channel-981
[0.125      0.525      0.15433037 0.15433037]
channel-982
[0.125      0.525      0.10886545 0.10886545]
channel-983
[0.125      0.525      0.08870823 0.08870823]
channel-984
[0.175      0.525      0.15433037 0.15433037]
channel-985
[0.175      0.525      0.10886545 0.10886545]
channel-986
[0.175      0.525      0.08870823 0.08870823]
channel-987
[0.225      0.525      0.15433037 0.15433037]
channel-988
[0.225      0.525      0.10886545 0.10886545]
channel-989
[0.225      0.525      0.08870823 0.08870823]
channel-990
[0.275      0.525      0.15433037 0.15433037]
channel-991
[0.275      0.525      0.10886545 0.10886545]
channel-992
[0.275      0.525      0.08870823 0.08870823]
channel-993
[0.325      0.525      0.15433037 0.15433037]
channel-994
[0.325      0.525      0.10886545 0.10886545]
channel-995
[0.325      0.525      0.08870823 0.08870823]
channel-996
[0.375      0.525      0.15433037 0.15433037]
channel-997
[0.375      0.525      0.10886545 0.10886545]
channel-998
[0.375      0.525      0.08870823 0.08870823]
channel-999
[0.425      0.525      0.15433037 0.15433037]
channel-1000
[0.425      0.525      0.10886545 0.10886545]
channel-1001
[0.425      0.525      0.08870823 0.08870823]
channel-1002
[0.475      0.525      0.15433037 0.15433037]
channel-1003
[0.475      0.525      0.10886545 0.10886545]
channel-1004
[0.475      0.525      0.08870823 0.08870823]
channel-1005
[0.525      0.525      0.15433037 0.15433037]
channel-1006
[0.525      0.525      0.10886545 0.10886545]
channel-1007
[0.525      0.525      0.08870823 0.08870823]
channel-1008
[0.575      0.525      0.15433037 0.15433037]
channel-1009
[0.575      0.525      0.10886545 0.10886545]
channel-1010
[0.575      0.525      0.08870823 0.08870823]
channel-1011
[0.625      0.525      0.15433037 0.15433037]
channel-1012
[0.625      0.525      0.10886545 0.10886545]
channel-1013
[0.625      0.525      0.08870823 0.08870823]
channel-1014
[0.675      0.525      0.15433037 0.15433037]
channel-1015
[0.675      0.525      0.10886545 0.10886545]
channel-1016
[0.675      0.525      0.08870823 0.08870823]
channel-1017
[0.725      0.525      0.15433037 0.15433037]
channel-1018
[0.725      0.525      0.10886545 0.10886545]
channel-1019
[0.725      0.525      0.08870823 0.08870823]
channel-1020
[0.775      0.525      0.15433037 0.15433037]
channel-1021
[0.775      0.525      0.10886545 0.10886545]
channel-1022
[0.775      0.525      0.08870823 0.08870823]
channel-1023
[0.825      0.525      0.15433037 0.15433037]
channel-1024
[0.825      0.525      0.10886545 0.10886545]
channel-1025
[0.825      0.525      0.08870823 0.08870823]
channel-1026
[0.875      0.525      0.15433037 0.15433037]
channel-1027
[0.875      0.525      0.10886545 0.10886545]
channel-1028
[0.875      0.525      0.08870823 0.08870823]
channel-1029
[0.925      0.525      0.15433037 0.15433037]
channel-1030
[0.925      0.525      0.10886545 0.10886545]
channel-1031
[0.925      0.525      0.08870823 0.08870823]
channel-1032
[0.975      0.525      0.15433037 0.15433037]
channel-1033
[0.975      0.525      0.10886545 0.10886545]
channel-1034
[0.975      0.525      0.08870823 0.08870823]
channel-1035
[0.025      0.575      0.15433037 0.15433037]
channel-1036
[0.025      0.575      0.10886545 0.10886545]
channel-1037
[0.025      0.575      0.08870823 0.08870823]
channel-1038
[0.075      0.575      0.15433037 0.15433037]
channel-1039
[0.075      0.575      0.10886545 0.10886545]
channel-1040
[0.075      0.575      0.08870823 0.08870823]
channel-1041
[0.125      0.575      0.15433037 0.15433037]
channel-1042
[0.125      0.575      0.10886545 0.10886545]
channel-1043
[0.125      0.575      0.08870823 0.08870823]
channel-1044
[0.175      0.575      0.15433037 0.15433037]
channel-1045
[0.175      0.575      0.10886545 0.10886545]
channel-1046
[0.175      0.575      0.08870823 0.08870823]
channel-1047
[0.225      0.575      0.15433037 0.15433037]
channel-1048
[0.225      0.575      0.10886545 0.10886545]
channel-1049
[0.225      0.575      0.08870823 0.08870823]
channel-1050
[0.275      0.575      0.15433037 0.15433037]
channel-1051
[0.275      0.575      0.10886545 0.10886545]
channel-1052
[0.275      0.575      0.08870823 0.08870823]
channel-1053
[0.325      0.575      0.15433037 0.15433037]
channel-1054
[0.325      0.575      0.10886545 0.10886545]
channel-1055
[0.325      0.575      0.08870823 0.08870823]
channel-1056
[0.375      0.575      0.15433037 0.15433037]
channel-1057
[0.375      0.575      0.10886545 0.10886545]
channel-1058
[0.375      0.575      0.08870823 0.08870823]
channel-1059
[0.425      0.575      0.15433037 0.15433037]
channel-1060
[0.425      0.575      0.10886545 0.10886545]
channel-1061
[0.425      0.575      0.08870823 0.08870823]
channel-1062
[0.475      0.575      0.15433037 0.15433037]
channel-1063
[0.475      0.575      0.10886545 0.10886545]
channel-1064
[0.475      0.575      0.08870823 0.08870823]
channel-1065
[0.525      0.575      0.15433037 0.15433037]
channel-1066
[0.525      0.575      0.10886545 0.10886545]
channel-1067
[0.525      0.575      0.08870823 0.08870823]
channel-1068
[0.575      0.575      0.15433037 0.15433037]
channel-1069
[0.575      0.575      0.10886545 0.10886545]
channel-1070
[0.575      0.575      0.08870823 0.08870823]
channel-1071
[0.625      0.575      0.15433037 0.15433037]
channel-1072
[0.625      0.575      0.10886545 0.10886545]
channel-1073
[0.625      0.575      0.08870823 0.08870823]
channel-1074
[0.675      0.575      0.15433037 0.15433037]
channel-1075
[0.675      0.575      0.10886545 0.10886545]
channel-1076
[0.675      0.575      0.08870823 0.08870823]
channel-1077
[0.725      0.575      0.15433037 0.15433037]
channel-1078
[0.725      0.575      0.10886545 0.10886545]
channel-1079
[0.725      0.575      0.08870823 0.08870823]
channel-1080
[0.775      0.575      0.15433037 0.15433037]
channel-1081
[0.775      0.575      0.10886545 0.10886545]
channel-1082
[0.775      0.575      0.08870823 0.08870823]
channel-1083
[0.825      0.575      0.15433037 0.15433037]
channel-1084
[0.825      0.575      0.10886545 0.10886545]
channel-1085
[0.825      0.575      0.08870823 0.08870823]
channel-1086
[0.875      0.575      0.15433037 0.15433037]
channel-1087
[0.875      0.575      0.10886545 0.10886545]
channel-1088
[0.875      0.575      0.08870823 0.08870823]
channel-1089
[0.925      0.575      0.15433037 0.15433037]
channel-1090
[0.925      0.575      0.10886545 0.10886545]
channel-1091
[0.925      0.575      0.08870823 0.08870823]
channel-1092
[0.975      0.575      0.15433037 0.15433037]
channel-1093
[0.975      0.575      0.10886545 0.10886545]
channel-1094
[0.975      0.575      0.08870823 0.08870823]
channel-1095
[0.025      0.625      0.15433037 0.15433037]
channel-1096
[0.025      0.625      0.10886545 0.10886545]
channel-1097
[0.025      0.625      0.08870823 0.08870823]
channel-1098
[0.075      0.625      0.15433037 0.15433037]
channel-1099
[0.075      0.625      0.10886545 0.10886545]
channel-1100
[0.075      0.625      0.08870823 0.08870823]
channel-1101
[0.125      0.625      0.15433037 0.15433037]
channel-1102
[0.125      0.625      0.10886545 0.10886545]
channel-1103
[0.125      0.625      0.08870823 0.08870823]
channel-1104
[0.175      0.625      0.15433037 0.15433037]
channel-1105
[0.175      0.625      0.10886545 0.10886545]
channel-1106
[0.175      0.625      0.08870823 0.08870823]
channel-1107
[0.225      0.625      0.15433037 0.15433037]
channel-1108
[0.225      0.625      0.10886545 0.10886545]
channel-1109
[0.225      0.625      0.08870823 0.08870823]
channel-1110
[0.275      0.625      0.15433037 0.15433037]
channel-1111
[0.275      0.625      0.10886545 0.10886545]
channel-1112
[0.275      0.625      0.08870823 0.08870823]
channel-1113
[0.325      0.625      0.15433037 0.15433037]
channel-1114
[0.325      0.625      0.10886545 0.10886545]
channel-1115
[0.325      0.625      0.08870823 0.08870823]
channel-1116
[0.375      0.625      0.15433037 0.15433037]
channel-1117
[0.375      0.625      0.10886545 0.10886545]
channel-1118
[0.375      0.625      0.08870823 0.08870823]
channel-1119
[0.425      0.625      0.15433037 0.15433037]
channel-1120
[0.425      0.625      0.10886545 0.10886545]
channel-1121
[0.425      0.625      0.08870823 0.08870823]
channel-1122
[0.475      0.625      0.15433037 0.15433037]
channel-1123
[0.475      0.625      0.10886545 0.10886545]
channel-1124
[0.475      0.625      0.08870823 0.08870823]
channel-1125
[0.525      0.625      0.15433037 0.15433037]
channel-1126
[0.525      0.625      0.10886545 0.10886545]
channel-1127
[0.525      0.625      0.08870823 0.08870823]
channel-1128
[0.575      0.625      0.15433037 0.15433037]
channel-1129
[0.575      0.625      0.10886545 0.10886545]
channel-1130
[0.575      0.625      0.08870823 0.08870823]
channel-1131
[0.625      0.625      0.15433037 0.15433037]
channel-1132
[0.625      0.625      0.10886545 0.10886545]
channel-1133
[0.625      0.625      0.08870823 0.08870823]
channel-1134
[0.675      0.625      0.15433037 0.15433037]
channel-1135
[0.675      0.625      0.10886545 0.10886545]
channel-1136
[0.675      0.625      0.08870823 0.08870823]
channel-1137
[0.725      0.625      0.15433037 0.15433037]
channel-1138
[0.725      0.625      0.10886545 0.10886545]
channel-1139
[0.725      0.625      0.08870823 0.08870823]
channel-1140
[0.775      0.625      0.15433037 0.15433037]
channel-1141
[0.775      0.625      0.10886545 0.10886545]
channel-1142
[0.775      0.625      0.08870823 0.08870823]
channel-1143
[0.825      0.625      0.15433037 0.15433037]
channel-1144
[0.825      0.625      0.10886545 0.10886545]
channel-1145
[0.825      0.625      0.08870823 0.08870823]
channel-1146
[0.875      0.625      0.15433037 0.15433037]
channel-1147
[0.875      0.625      0.10886545 0.10886545]
channel-1148
[0.875      0.625      0.08870823 0.08870823]
channel-1149
[0.925      0.625      0.15433037 0.15433037]
channel-1150
[0.925      0.625      0.10886545 0.10886545]
channel-1151
[0.925      0.625      0.08870823 0.08870823]
channel-1152
[0.975      0.625      0.15433037 0.15433037]
channel-1153
[0.975      0.625      0.10886545 0.10886545]
channel-1154
[0.975      0.625      0.08870823 0.08870823]
channel-1155
[0.025      0.675      0.15433037 0.15433037]
channel-1156
[0.025      0.675      0.10886545 0.10886545]
channel-1157
[0.025      0.675      0.08870823 0.08870823]
channel-1158
[0.075      0.675      0.15433037 0.15433037]
channel-1159
[0.075      0.675      0.10886545 0.10886545]
channel-1160
[0.075      0.675      0.08870823 0.08870823]
channel-1161
[0.125      0.675      0.15433037 0.15433037]
channel-1162
[0.125      0.675      0.10886545 0.10886545]
channel-1163
[0.125      0.675      0.08870823 0.08870823]
channel-1164
[0.175      0.675      0.15433037 0.15433037]
channel-1165
[0.175      0.675      0.10886545 0.10886545]
channel-1166
[0.175      0.675      0.08870823 0.08870823]
channel-1167
[0.225      0.675      0.15433037 0.15433037]
channel-1168
[0.225      0.675      0.10886545 0.10886545]
channel-1169
[0.225      0.675      0.08870823 0.08870823]
channel-1170
[0.275      0.675      0.15433037 0.15433037]
channel-1171
[0.275      0.675      0.10886545 0.10886545]
channel-1172
[0.275      0.675      0.08870823 0.08870823]
channel-1173
[0.325      0.675      0.15433037 0.15433037]
channel-1174
[0.325      0.675      0.10886545 0.10886545]
channel-1175
[0.325      0.675      0.08870823 0.08870823]
channel-1176
[0.375      0.675      0.15433037 0.15433037]
channel-1177
[0.375      0.675      0.10886545 0.10886545]
channel-1178
[0.375      0.675      0.08870823 0.08870823]
channel-1179
[0.425      0.675      0.15433037 0.15433037]
channel-1180
[0.425      0.675      0.10886545 0.10886545]
channel-1181
[0.425      0.675      0.08870823 0.08870823]
channel-1182
[0.475      0.675      0.15433037 0.15433037]
channel-1183
[0.475      0.675      0.10886545 0.10886545]
channel-1184
[0.475      0.675      0.08870823 0.08870823]
channel-1185
[0.525      0.675      0.15433037 0.15433037]
channel-1186
[0.525      0.675      0.10886545 0.10886545]
channel-1187
[0.525      0.675      0.08870823 0.08870823]
channel-1188
[0.575      0.675      0.15433037 0.15433037]
channel-1189
[0.575      0.675      0.10886545 0.10886545]
channel-1190
[0.575      0.675      0.08870823 0.08870823]
channel-1191
[0.625      0.675      0.15433037 0.15433037]
channel-1192
[0.625      0.675      0.10886545 0.10886545]
channel-1193
[0.625      0.675      0.08870823 0.08870823]
channel-1194
[0.675      0.675      0.15433037 0.15433037]
channel-1195
[0.675      0.675      0.10886545 0.10886545]
channel-1196
[0.675      0.675      0.08870823 0.08870823]
channel-1197
[0.725      0.675      0.15433037 0.15433037]
channel-1198
[0.725      0.675      0.10886545 0.10886545]
channel-1199
[0.725      0.675      0.08870823 0.08870823]
channel-1200
[0.775      0.675      0.15433037 0.15433037]
channel-1201
[0.775      0.675      0.10886545 0.10886545]
channel-1202
[0.775      0.675      0.08870823 0.08870823]
channel-1203
[0.825      0.675      0.15433037 0.15433037]
channel-1204
[0.825      0.675      0.10886545 0.10886545]
channel-1205
[0.825      0.675      0.08870823 0.08870823]
channel-1206
[0.875      0.675      0.15433037 0.15433037]
channel-1207
[0.875      0.675      0.10886545 0.10886545]
channel-1208
[0.875      0.675      0.08870823 0.08870823]
channel-1209
[0.925      0.675      0.15433037 0.15433037]
channel-1210
[0.925      0.675      0.10886545 0.10886545]
channel-1211
[0.925      0.675      0.08870823 0.08870823]
channel-1212
[0.975      0.675      0.15433037 0.15433037]
channel-1213
[0.975      0.675      0.10886545 0.10886545]
channel-1214
[0.975      0.675      0.08870823 0.08870823]
channel-1215
[0.025      0.725      0.15433037 0.15433037]
channel-1216
[0.025      0.725      0.10886545 0.10886545]
channel-1217
[0.025      0.725      0.08870823 0.08870823]
channel-1218
[0.075      0.725      0.15433037 0.15433037]
channel-1219
[0.075      0.725      0.10886545 0.10886545]
channel-1220
[0.075      0.725      0.08870823 0.08870823]
channel-1221
[0.125      0.725      0.15433037 0.15433037]
channel-1222
[0.125      0.725      0.10886545 0.10886545]
channel-1223
[0.125      0.725      0.08870823 0.08870823]
channel-1224
[0.175      0.725      0.15433037 0.15433037]
channel-1225
[0.175      0.725      0.10886545 0.10886545]
channel-1226
[0.175      0.725      0.08870823 0.08870823]
channel-1227
[0.225      0.725      0.15433037 0.15433037]
channel-1228
[0.225      0.725      0.10886545 0.10886545]
channel-1229
[0.225      0.725      0.08870823 0.08870823]
channel-1230
[0.275      0.725      0.15433037 0.15433037]
channel-1231
[0.275      0.725      0.10886545 0.10886545]
channel-1232
[0.275      0.725      0.08870823 0.08870823]
channel-1233
[0.325      0.725      0.15433037 0.15433037]
channel-1234
[0.325      0.725      0.10886545 0.10886545]
channel-1235
[0.325      0.725      0.08870823 0.08870823]
channel-1236
[0.375      0.725      0.15433037 0.15433037]
channel-1237
[0.375      0.725      0.10886545 0.10886545]
channel-1238
[0.375      0.725      0.08870823 0.08870823]
channel-1239
[0.425      0.725      0.15433037 0.15433037]
channel-1240
[0.425      0.725      0.10886545 0.10886545]
channel-1241
[0.425      0.725      0.08870823 0.08870823]
channel-1242
[0.475      0.725      0.15433037 0.15433037]
channel-1243
[0.475      0.725      0.10886545 0.10886545]
channel-1244
[0.475      0.725      0.08870823 0.08870823]
channel-1245
[0.525      0.725      0.15433037 0.15433037]
channel-1246
[0.525      0.725      0.10886545 0.10886545]
channel-1247
[0.525      0.725      0.08870823 0.08870823]
channel-1248
[0.575      0.725      0.15433037 0.15433037]
channel-1249
[0.575      0.725      0.10886545 0.10886545]
channel-1250
[0.575      0.725      0.08870823 0.08870823]
channel-1251
[0.625      0.725      0.15433037 0.15433037]
channel-1252
[0.625      0.725      0.10886545 0.10886545]
channel-1253
[0.625      0.725      0.08870823 0.08870823]
channel-1254
[0.675      0.725      0.15433037 0.15433037]
channel-1255
[0.675      0.725      0.10886545 0.10886545]
channel-1256
[0.675      0.725      0.08870823 0.08870823]
channel-1257
[0.725      0.725      0.15433037 0.15433037]
channel-1258
[0.725      0.725      0.10886545 0.10886545]
channel-1259
[0.725      0.725      0.08870823 0.08870823]
channel-1260
[0.775      0.725      0.15433037 0.15433037]
channel-1261
[0.775      0.725      0.10886545 0.10886545]
channel-1262
[0.775      0.725      0.08870823 0.08870823]
channel-1263
[0.825      0.725      0.15433037 0.15433037]
channel-1264
[0.825      0.725      0.10886545 0.10886545]
channel-1265
[0.825      0.725      0.08870823 0.08870823]
channel-1266
[0.875      0.725      0.15433037 0.15433037]
channel-1267
[0.875      0.725      0.10886545 0.10886545]
channel-1268
[0.875      0.725      0.08870823 0.08870823]
channel-1269
[0.925      0.725      0.15433037 0.15433037]
channel-1270
[0.925      0.725      0.10886545 0.10886545]
channel-1271
[0.925      0.725      0.08870823 0.08870823]
channel-1272
[0.975      0.725      0.15433037 0.15433037]
channel-1273
[0.975      0.725      0.10886545 0.10886545]
channel-1274
[0.975      0.725      0.08870823 0.08870823]
channel-1275
[0.025      0.775      0.15433037 0.15433037]
channel-1276
[0.025      0.775      0.10886545 0.10886545]
channel-1277
[0.025      0.775      0.08870823 0.08870823]
channel-1278
[0.075      0.775      0.15433037 0.15433037]
channel-1279
[0.075      0.775      0.10886545 0.10886545]
channel-1280
[0.075      0.775      0.08870823 0.08870823]
channel-1281
[0.125      0.775      0.15433037 0.15433037]
channel-1282
[0.125      0.775      0.10886545 0.10886545]
channel-1283
[0.125      0.775      0.08870823 0.08870823]
channel-1284
[0.175      0.775      0.15433037 0.15433037]
channel-1285
[0.175      0.775      0.10886545 0.10886545]
channel-1286
[0.175      0.775      0.08870823 0.08870823]
channel-1287
[0.225      0.775      0.15433037 0.15433037]
channel-1288
[0.225      0.775      0.10886545 0.10886545]
channel-1289
[0.225      0.775      0.08870823 0.08870823]
channel-1290
[0.275      0.775      0.15433037 0.15433037]
channel-1291
[0.275      0.775      0.10886545 0.10886545]
channel-1292
[0.275      0.775      0.08870823 0.08870823]
channel-1293
[0.325      0.775      0.15433037 0.15433037]
channel-1294
[0.325      0.775      0.10886545 0.10886545]
channel-1295
[0.325      0.775      0.08870823 0.08870823]
channel-1296
[0.375      0.775      0.15433037 0.15433037]
channel-1297
[0.375      0.775      0.10886545 0.10886545]
channel-1298
[0.375      0.775      0.08870823 0.08870823]
channel-1299
[0.425      0.775      0.15433037 0.15433037]
channel-1300
[0.425      0.775      0.10886545 0.10886545]
channel-1301
[0.425      0.775      0.08870823 0.08870823]
channel-1302
[0.475      0.775      0.15433037 0.15433037]
channel-1303
[0.475      0.775      0.10886545 0.10886545]
channel-1304
[0.475      0.775      0.08870823 0.08870823]
channel-1305
[0.525      0.775      0.15433037 0.15433037]
channel-1306
[0.525      0.775      0.10886545 0.10886545]
channel-1307
[0.525      0.775      0.08870823 0.08870823]
channel-1308
[0.575      0.775      0.15433037 0.15433037]
channel-1309
[0.575      0.775      0.10886545 0.10886545]
channel-1310
[0.575      0.775      0.08870823 0.08870823]
channel-1311
[0.625      0.775      0.15433037 0.15433037]
channel-1312
[0.625      0.775      0.10886545 0.10886545]
channel-1313
[0.625      0.775      0.08870823 0.08870823]
channel-1314
[0.675      0.775      0.15433037 0.15433037]
channel-1315
[0.675      0.775      0.10886545 0.10886545]
channel-1316
[0.675      0.775      0.08870823 0.08870823]
channel-1317
[0.725      0.775      0.15433037 0.15433037]
channel-1318
[0.725      0.775      0.10886545 0.10886545]
channel-1319
[0.725      0.775      0.08870823 0.08870823]
channel-1320
[0.775      0.775      0.15433037 0.15433037]
channel-1321
[0.775      0.775      0.10886545 0.10886545]
channel-1322
[0.775      0.775      0.08870823 0.08870823]
channel-1323
[0.825      0.775      0.15433037 0.15433037]
channel-1324
[0.825      0.775      0.10886545 0.10886545]
channel-1325
[0.825      0.775      0.08870823 0.08870823]
channel-1326
[0.875      0.775      0.15433037 0.15433037]
channel-1327
[0.875      0.775      0.10886545 0.10886545]
channel-1328
[0.875      0.775      0.08870823 0.08870823]
channel-1329
[0.925      0.775      0.15433037 0.15433037]
channel-1330
[0.925      0.775      0.10886545 0.10886545]
channel-1331
[0.925      0.775      0.08870823 0.08870823]
channel-1332
[0.975      0.775      0.15433037 0.15433037]
channel-1333
[0.975      0.775      0.10886545 0.10886545]
channel-1334
[0.975      0.775      0.08870823 0.08870823]
channel-1335
[0.025      0.825      0.15433037 0.15433037]
channel-1336
[0.025      0.825      0.10886545 0.10886545]
channel-1337
[0.025      0.825      0.08870823 0.08870823]
channel-1338
[0.075      0.825      0.15433037 0.15433037]
channel-1339
[0.075      0.825      0.10886545 0.10886545]
channel-1340
[0.075      0.825      0.08870823 0.08870823]
channel-1341
[0.125      0.825      0.15433037 0.15433037]
channel-1342
[0.125      0.825      0.10886545 0.10886545]
channel-1343
[0.125      0.825      0.08870823 0.08870823]
channel-1344
[0.175      0.825      0.15433037 0.15433037]
channel-1345
[0.175      0.825      0.10886545 0.10886545]
channel-1346
[0.175      0.825      0.08870823 0.08870823]
channel-1347
[0.225      0.825      0.15433037 0.15433037]
channel-1348
[0.225      0.825      0.10886545 0.10886545]
channel-1349
[0.225      0.825      0.08870823 0.08870823]
channel-1350
[0.275      0.825      0.15433037 0.15433037]
channel-1351
[0.275      0.825      0.10886545 0.10886545]
channel-1352
[0.275      0.825      0.08870823 0.08870823]
channel-1353
[0.325      0.825      0.15433037 0.15433037]
channel-1354
[0.325      0.825      0.10886545 0.10886545]
channel-1355
[0.325      0.825      0.08870823 0.08870823]
channel-1356
[0.375      0.825      0.15433037 0.15433037]
channel-1357
[0.375      0.825      0.10886545 0.10886545]
channel-1358
[0.375      0.825      0.08870823 0.08870823]
channel-1359
[0.425      0.825      0.15433037 0.15433037]
channel-1360
[0.425      0.825      0.10886545 0.10886545]
channel-1361
[0.425      0.825      0.08870823 0.08870823]
channel-1362
[0.475      0.825      0.15433037 0.15433037]
channel-1363
[0.475      0.825      0.10886545 0.10886545]
channel-1364
[0.475      0.825      0.08870823 0.08870823]
channel-1365
[0.525      0.825      0.15433037 0.15433037]
channel-1366
[0.525      0.825      0.10886545 0.10886545]
channel-1367
[0.525      0.825      0.08870823 0.08870823]
channel-1368
[0.575      0.825      0.15433037 0.15433037]
channel-1369
[0.575      0.825      0.10886545 0.10886545]
channel-1370
[0.575      0.825      0.08870823 0.08870823]
channel-1371
[0.625      0.825      0.15433037 0.15433037]
channel-1372
[0.625      0.825      0.10886545 0.10886545]
channel-1373
[0.625      0.825      0.08870823 0.08870823]
channel-1374
[0.675      0.825      0.15433037 0.15433037]
channel-1375
[0.675      0.825      0.10886545 0.10886545]
channel-1376
[0.675      0.825      0.08870823 0.08870823]
channel-1377
[0.725      0.825      0.15433037 0.15433037]
channel-1378
[0.725      0.825      0.10886545 0.10886545]
channel-1379
[0.725      0.825      0.08870823 0.08870823]
channel-1380
[0.775      0.825      0.15433037 0.15433037]
channel-1381
[0.775      0.825      0.10886545 0.10886545]
channel-1382
[0.775      0.825      0.08870823 0.08870823]
channel-1383
[0.825      0.825      0.15433037 0.15433037]
channel-1384
[0.825      0.825      0.10886545 0.10886545]
channel-1385
[0.825      0.825      0.08870823 0.08870823]
channel-1386
[0.875      0.825      0.15433037 0.15433037]
channel-1387
[0.875      0.825      0.10886545 0.10886545]
channel-1388
[0.875      0.825      0.08870823 0.08870823]
channel-1389
[0.925      0.825      0.15433037 0.15433037]
channel-1390
[0.925      0.825      0.10886545 0.10886545]
channel-1391
[0.925      0.825      0.08870823 0.08870823]
channel-1392
[0.975      0.825      0.15433037 0.15433037]
channel-1393
[0.975      0.825      0.10886545 0.10886545]
channel-1394
[0.975      0.825      0.08870823 0.08870823]
channel-1395
[0.025      0.875      0.15433037 0.15433037]
channel-1396
[0.025      0.875      0.10886545 0.10886545]
channel-1397
[0.025      0.875      0.08870823 0.08870823]
channel-1398
[0.075      0.875      0.15433037 0.15433037]
channel-1399
[0.075      0.875      0.10886545 0.10886545]
channel-1400
[0.075      0.875      0.08870823 0.08870823]
channel-1401
[0.125      0.875      0.15433037 0.15433037]
channel-1402
[0.125      0.875      0.10886545 0.10886545]
channel-1403
[0.125      0.875      0.08870823 0.08870823]
channel-1404
[0.175      0.875      0.15433037 0.15433037]
channel-1405
[0.175      0.875      0.10886545 0.10886545]
channel-1406
[0.175      0.875      0.08870823 0.08870823]
channel-1407
[0.225      0.875      0.15433037 0.15433037]
channel-1408
[0.225      0.875      0.10886545 0.10886545]
channel-1409
[0.225      0.875      0.08870823 0.08870823]
channel-1410
[0.275      0.875      0.15433037 0.15433037]
channel-1411
[0.275      0.875      0.10886545 0.10886545]
channel-1412
[0.275      0.875      0.08870823 0.08870823]
channel-1413
[0.325      0.875      0.15433037 0.15433037]
channel-1414
[0.325      0.875      0.10886545 0.10886545]
channel-1415
[0.325      0.875      0.08870823 0.08870823]
channel-1416
[0.375      0.875      0.15433037 0.15433037]
channel-1417
[0.375      0.875      0.10886545 0.10886545]
channel-1418
[0.375      0.875      0.08870823 0.08870823]
channel-1419
[0.425      0.875      0.15433037 0.15433037]
channel-1420
[0.425      0.875      0.10886545 0.10886545]
channel-1421
[0.425      0.875      0.08870823 0.08870823]
channel-1422
[0.475      0.875      0.15433037 0.15433037]
channel-1423
[0.475      0.875      0.10886545 0.10886545]
channel-1424
[0.475      0.875      0.08870823 0.08870823]
channel-1425
[0.525      0.875      0.15433037 0.15433037]
channel-1426
[0.525      0.875      0.10886545 0.10886545]
channel-1427
[0.525      0.875      0.08870823 0.08870823]
channel-1428
[0.575      0.875      0.15433037 0.15433037]
channel-1429
[0.575      0.875      0.10886545 0.10886545]
channel-1430
[0.575      0.875      0.08870823 0.08870823]
channel-1431
[0.625      0.875      0.15433037 0.15433037]
channel-1432
[0.625      0.875      0.10886545 0.10886545]
channel-1433
[0.625      0.875      0.08870823 0.08870823]
channel-1434
[0.675      0.875      0.15433037 0.15433037]
channel-1435
[0.675      0.875      0.10886545 0.10886545]
channel-1436
[0.675      0.875      0.08870823 0.08870823]
channel-1437
[0.725      0.875      0.15433037 0.15433037]
channel-1438
[0.725      0.875      0.10886545 0.10886545]
channel-1439
[0.725      0.875      0.08870823 0.08870823]
channel-1440
[0.775      0.875      0.15433037 0.15433037]
channel-1441
[0.775      0.875      0.10886545 0.10886545]
channel-1442
[0.775      0.875      0.08870823 0.08870823]
channel-1443
[0.825      0.875      0.15433037 0.15433037]
channel-1444
[0.825      0.875      0.10886545 0.10886545]
channel-1445
[0.825      0.875      0.08870823 0.08870823]
channel-1446
[0.875      0.875      0.15433037 0.15433037]
channel-1447
[0.875      0.875      0.10886545 0.10886545]
channel-1448
[0.875      0.875      0.08870823 0.08870823]
channel-1449
[0.925      0.875      0.15433037 0.15433037]
channel-1450
[0.925      0.875      0.10886545 0.10886545]
channel-1451
[0.925      0.875      0.08870823 0.08870823]
channel-1452
[0.975      0.875      0.15433037 0.15433037]
channel-1453
[0.975      0.875      0.10886545 0.10886545]
channel-1454
[0.975      0.875      0.08870823 0.08870823]
channel-1455
[0.025      0.925      0.15433037 0.15433037]
channel-1456
[0.025      0.925      0.10886545 0.10886545]
channel-1457
[0.025      0.925      0.08870823 0.08870823]
channel-1458
[0.075      0.925      0.15433037 0.15433037]
channel-1459
[0.075      0.925      0.10886545 0.10886545]
channel-1460
[0.075      0.925      0.08870823 0.08870823]
channel-1461
[0.125      0.925      0.15433037 0.15433037]
channel-1462
[0.125      0.925      0.10886545 0.10886545]
channel-1463
[0.125      0.925      0.08870823 0.08870823]
channel-1464
[0.175      0.925      0.15433037 0.15433037]
channel-1465
[0.175      0.925      0.10886545 0.10886545]
channel-1466
[0.175      0.925      0.08870823 0.08870823]
channel-1467
[0.225      0.925      0.15433037 0.15433037]
channel-1468
[0.225      0.925      0.10886545 0.10886545]
channel-1469
[0.225      0.925      0.08870823 0.08870823]
channel-1470
[0.275      0.925      0.15433037 0.15433037]
channel-1471
[0.275      0.925      0.10886545 0.10886545]
channel-1472
[0.275      0.925      0.08870823 0.08870823]
channel-1473
[0.325      0.925      0.15433037 0.15433037]
channel-1474
[0.325      0.925      0.10886545 0.10886545]
channel-1475
[0.325      0.925      0.08870823 0.08870823]
channel-1476
[0.375      0.925      0.15433037 0.15433037]
channel-1477
[0.375      0.925      0.10886545 0.10886545]
channel-1478
[0.375      0.925      0.08870823 0.08870823]
channel-1479
[0.425      0.925      0.15433037 0.15433037]
channel-1480
[0.425      0.925      0.10886545 0.10886545]
channel-1481
[0.425      0.925      0.08870823 0.08870823]
channel-1482
[0.475      0.925      0.15433037 0.15433037]
channel-1483
[0.475      0.925      0.10886545 0.10886545]
channel-1484
[0.475      0.925      0.08870823 0.08870823]
channel-1485
[0.525      0.925      0.15433037 0.15433037]
channel-1486
[0.525      0.925      0.10886545 0.10886545]
channel-1487
[0.525      0.925      0.08870823 0.08870823]
channel-1488
[0.575      0.925      0.15433037 0.15433037]
channel-1489
[0.575      0.925      0.10886545 0.10886545]
channel-1490
[0.575      0.925      0.08870823 0.08870823]
channel-1491
[0.625      0.925      0.15433037 0.15433037]
channel-1492
[0.625      0.925      0.10886545 0.10886545]
channel-1493
[0.625      0.925      0.08870823 0.08870823]
channel-1494
[0.675      0.925      0.15433037 0.15433037]
channel-1495
[0.675      0.925      0.10886545 0.10886545]
channel-1496
[0.675      0.925      0.08870823 0.08870823]
channel-1497
[0.725      0.925      0.15433037 0.15433037]
channel-1498
[0.725      0.925      0.10886545 0.10886545]
channel-1499
[0.725      0.925      0.08870823 0.08870823]
channel-1500
[0.775      0.925      0.15433037 0.15433037]
channel-1501
[0.775      0.925      0.10886545 0.10886545]
channel-1502
[0.775      0.925      0.08870823 0.08870823]
channel-1503
[0.825      0.925      0.15433037 0.15433037]
channel-1504
[0.825      0.925      0.10886545 0.10886545]
channel-1505
[0.825      0.925      0.08870823 0.08870823]
channel-1506
[0.875      0.925      0.15433037 0.15433037]
channel-1507
[0.875      0.925      0.10886545 0.10886545]
channel-1508
[0.875      0.925      0.08870823 0.08870823]
channel-1509
[0.925      0.925      0.15433037 0.15433037]
channel-1510
[0.925      0.925      0.10886545 0.10886545]
channel-1511
[0.925      0.925      0.08870823 0.08870823]
channel-1512
[0.975      0.925      0.15433037 0.15433037]
channel-1513
[0.975      0.925      0.10886545 0.10886545]
channel-1514
[0.975      0.925      0.08870823 0.08870823]
channel-1515
[0.025      0.975      0.15433037 0.15433037]
channel-1516
[0.025      0.975      0.10886545 0.10886545]
channel-1517
[0.025      0.975      0.08870823 0.08870823]
channel-1518
[0.075      0.975      0.15433037 0.15433037]
channel-1519
[0.075      0.975      0.10886545 0.10886545]
channel-1520
[0.075      0.975      0.08870823 0.08870823]
channel-1521
[0.125      0.975      0.15433037 0.15433037]
channel-1522
[0.125      0.975      0.10886545 0.10886545]
channel-1523
[0.125      0.975      0.08870823 0.08870823]
channel-1524
[0.175      0.975      0.15433037 0.15433037]
channel-1525
[0.175      0.975      0.10886545 0.10886545]
channel-1526
[0.175      0.975      0.08870823 0.08870823]
channel-1527
[0.225      0.975      0.15433037 0.15433037]
channel-1528
[0.225      0.975      0.10886545 0.10886545]
channel-1529
[0.225      0.975      0.08870823 0.08870823]
channel-1530
[0.275      0.975      0.15433037 0.15433037]
channel-1531
[0.275      0.975      0.10886545 0.10886545]
channel-1532
[0.275      0.975      0.08870823 0.08870823]
channel-1533
[0.325      0.975      0.15433037 0.15433037]
channel-1534
[0.325      0.975      0.10886545 0.10886545]
channel-1535
[0.325      0.975      0.08870823 0.08870823]
channel-1536
[0.375      0.975      0.15433037 0.15433037]
channel-1537
[0.375      0.975      0.10886545 0.10886545]
channel-1538
[0.375      0.975      0.08870823 0.08870823]
channel-1539
[0.425      0.975      0.15433037 0.15433037]
channel-1540
[0.425      0.975      0.10886545 0.10886545]
channel-1541
[0.425      0.975      0.08870823 0.08870823]
channel-1542
[0.475      0.975      0.15433037 0.15433037]
channel-1543
[0.475      0.975      0.10886545 0.10886545]
channel-1544
[0.475      0.975      0.08870823 0.08870823]
channel-1545
[0.525      0.975      0.15433037 0.15433037]
channel-1546
[0.525      0.975      0.10886545 0.10886545]
channel-1547
[0.525      0.975      0.08870823 0.08870823]
channel-1548
[0.575      0.975      0.15433037 0.15433037]
channel-1549
[0.575      0.975      0.10886545 0.10886545]
channel-1550
[0.575      0.975      0.08870823 0.08870823]
channel-1551
[0.625      0.975      0.15433037 0.15433037]
channel-1552
[0.625      0.975      0.10886545 0.10886545]
channel-1553
[0.625      0.975      0.08870823 0.08870823]
channel-1554
[0.675      0.975      0.15433037 0.15433037]
channel-1555
[0.675      0.975      0.10886545 0.10886545]
channel-1556
[0.675      0.975      0.08870823 0.08870823]
channel-1557
[0.725      0.975      0.15433037 0.15433037]
channel-1558
[0.725      0.975      0.10886545 0.10886545]
channel-1559
[0.725      0.975      0.08870823 0.08870823]
channel-1560
[0.775      0.975      0.15433037 0.15433037]
channel-1561
[0.775      0.975      0.10886545 0.10886545]
channel-1562
[0.775      0.975      0.08870823 0.08870823]
channel-1563
[0.825      0.975      0.15433037 0.15433037]
channel-1564
[0.825      0.975      0.10886545 0.10886545]
channel-1565
[0.825      0.975      0.08870823 0.08870823]
channel-1566
[0.875      0.975      0.15433037 0.15433037]
channel-1567
[0.875      0.975      0.10886545 0.10886545]
channel-1568
[0.875      0.975      0.08870823 0.08870823]
channel-1569
[0.925      0.975      0.15433037 0.15433037]
channel-1570
[0.925      0.975      0.10886545 0.10886545]
channel-1571
[0.925      0.975      0.08870823 0.08870823]
channel-1572
[0.975      0.975      0.15433037 0.15433037]
channel-1573
[0.975      0.975      0.10886545 0.10886545]
channel-1574
[0.975      0.975      0.08870823 0.08870823]
